Simulation: 20/11/2022 17:14:25 	n = 100 	lambd = 0.95 	mu = 1 	d = 1 	max_t = 10000 

Average time spent in the system: 3.4393907501697143 
Theoretical expectation for random server choice: 19.999999999999982 

time: 100.0  number of events in the queue [2, 2, 4, 4, 5, 3, 1, 2, 2, 2, 3, 1, 2, 0, 5, 2, 3, 4, 1, 3, 4, 3, 2, 3, 3, 2, 4, 3, 4, 3, 3, 2, 1, 4, 4, 4, 5, 4, 5, 2, 1, 1, 4, 2, 3, 4, 3, 3, 2, 4, 2, 1, 4, 2, 4, 7, 5, 5, 0, 5, 3, 2, 2, 1, 2, 1, 2, 4, 4, 3, 2, 2, 0, 4, 3, 4, 2, 5, 1, 3, 5, 4, 5, 2, 1, 4, 3, 3, 4, 5, 4, 3, 3, 4, 2, 2, 3, 2, 4, 3]
time: 200.0  number of events in the queue [3, 0, 2, 1, 4, 2, 5, 2, 5, 4, 4, 0, 2, 4, 0, 2, 0, 2, 4, 3, 1, 4, 5, 2, 4, 3, 1, 4, 5, 0, 4, 4, 2, 4, 4, 1, 4, 3, 2, 4, 3, 4, 3, 2, 3, 1, 3, 2, 5, 2, 2, 4, 1, 3, 3, 4, 4, 2, 1, 2, 1, 4, 4, 3, 3, 4, 2, 2, 0, 3, 4, 3, 3, 0, 4, 1, 4, 5, 4, 4, 3, 2, 4, 2, 1, 1, 4, 2, 2, 1, 3, 2, 1, 1, 3, 4, 1, 1, 3, 3]
time: 300.0  number of events in the queue [2, 3, 4, 3, 4, 2, 1, 4, 5, 1, 4, 2, 0, 4, 4, 4, 4, 2, 2, 1, 5, 0, 2, 2, 2, 4, 3, 3, 4, 2, 4, 3, 1, 3, 2, 4, 2, 5, 1, 4, 1, 1, 1, 3, 4, 4, 4, 2, 2, 5, 3, 4, 4, 3, 4, 1, 2, 4, 3, 4, 5, 4, 2, 3, 3, 3, 3, 2, 3, 4, 2, 4, 2, 3, 3, 3, 3, 3, 0, 1, 4, 2, 0, 1, 6, 5, 5, 4, 1, 2, 5, 3, 4, 2, 1, 3, 2, 1, 2, 4]
time: 400.0  number of events in the queue [5, 6, 4, 6, 4, 3, 7, 5, 4, 4, 5, 4, 4, 3, 3, 3, 0, 5, 4, 6, 3, 6, 7, 3, 3, 5, 2, 7, 3, 6, 2, 6, 2, 4, 2, 6, 5, 5, 4, 5, 7, 3, 3, 6, 6, 6, 3, 5, 3, 3, 1, 6, 5, 5, 2, 0, 4, 3, 3, 4, 6, 2, 6, 5, 2, 5, 5, 3, 6, 6, 5, 3, 7, 5, 4, 6, 3, 5, 7, 7, 5, 5, 4, 6, 5, 3, 5, 5, 5, 2, 6, 5, 5, 4, 5, 5, 6, 5, 4, 6]
time: 500.0  number of events in the queue [3, 3, 5, 2, 4, 1, 2, 3, 1, 3, 3, 1, 0, 0, 3, 2, 2, 4, 1, 3, 1, 0, 2, 5, 3, 3, 5, 5, 4, 4, 2, 3, 3, 3, 4, 1, 1, 3, 2, 3, 0, 2, 3, 1, 3, 4, 4, 4, 2, 2, 0, 2, 2, 1, 0, 2, 2, 2, 5, 0, 4, 3, 3, 2, 4, 3, 1, 1, 3, 3, 3, 0, 3, 3, 2, 0, 3, 3, 4, 4, 0, 3, 4, 2, 1, 0, 4, 4, 3, 3, 2, 2, 3, 0, 3, 3, 3, 4, 4, 0]
time: 600.0  number of events in the queue [0, 4, 5, 3, 5, 1, 4, 3, 0, 0, 5, 2, 3, 2, 3, 4, 2, 4, 1, 4, 0, 3, 4, 2, 2, 1, 4, 5, 3, 5, 3, 3, 0, 3, 5, 3, 3, 5, 3, 3, 0, 2, 3, 4, 2, 1, 3, 2, 3, 2, 4, 3, 0, 2, 3, 2, 2, 2, 3, 3, 5, 4, 0, 1, 4, 0, 4, 4, 0, 1, 3, 0, 5, 1, 1, 4, 2, 5, 1, 2, 5, 5, 5, 3, 2, 1, 2, 3, 2, 1, 4, 1, 4, 2, 0, 2, 2, 1, 1, 4]
time: 700.0  number of events in the queue [4, 1, 0, 4, 3, 3, 2, 2, 3, 4, 3, 3, 3, 2, 4, 1, 0, 3, 4, 1, 1, 4, 0, 0, 4, 3, 5, 0, 1, 5, 2, 2, 4, 1, 3, 3, 5, 2, 3, 3, 2, 4, 4, 5, 2, 4, 4, 3, 2, 3, 3, 5, 2, 0, 1, 0, 4, 3, 1, 1, 2, 4, 0, 2, 3, 2, 2, 3, 3, 2, 1, 4, 1, 5, 3, 0, 1, 2, 3, 4, 3, 1, 0, 1, 2, 3, 2, 3, 4, 2, 1, 5, 3, 1, 1, 4, 4, 3, 3, 4]
time: 800.0  number of events in the queue [3, 4, 3, 5, 3, 5, 4, 4, 3, 2, 4, 4, 5, 2, 5, 5, 4, 6, 3, 3, 3, 5, 3, 3, 4, 5, 5, 2, 4, 4, 0, 3, 0, 6, 2, 4, 4, 5, 5, 4, 3, 5, 4, 1, 4, 6, 6, 3, 3, 3, 4, 5, 5, 1, 4, 4, 3, 3, 2, 3, 5, 4, 5, 6, 5, 2, 4, 2, 5, 4, 4, 4, 4, 4, 3, 5, 5, 1, 0, 3, 4, 3, 4, 4, 5, 3, 0, 5, 3, 4, 2, 5, 2, 3, 5, 2, 5, 3, 1, 4]
time: 900.0  number of events in the queue [1, 3, 3, 4, 3, 4, 2, 1, 1, 1, 2, 4, 1, 4, 5, 3, 4, 2, 2, 3, 1, 3, 4, 2, 0, 3, 1, 1, 4, 5, 1, 3, 1, 4, 1, 1, 2, 3, 5, 1, 3, 4, 3, 4, 2, 0, 3, 3, 2, 4, 4, 5, 5, 4, 4, 3, 5, 3, 3, 3, 3, 3, 1, 4, 3, 1, 1, 3, 4, 3, 4, 1, 1, 1, 3, 4, 3, 5, 2, 3, 4, 2, 2, 4, 4, 2, 3, 4, 3, 1, 3, 2, 1, 2, 0, 1, 3, 4, 2, 2]
time: 1000.0  number of events in the queue [4, 3, 4, 2, 4, 3, 2, 3, 4, 4, 1, 1, 2, 0, 4, 5, 2, 2, 4, 3, 2, 1, 4, 5, 1, 5, 4, 2, 2, 4, 1, 3, 1, 3, 4, 4, 2, 0, 4, 3, 4, 3, 2, 3, 0, 4, 3, 3, 4, 3, 4, 1, 6, 5, 4, 3, 2, 0, 1, 3, 1, 0, 2, 3, 1, 5, 3, 1, 2, 2, 5, 2, 3, 4, 5, 4, 3, 2, 4, 4, 2, 2, 4, 4, 3, 2, 5, 3, 5, 3, 5, 4, 1, 2, 5, 4, 3, 1, 4, 3]
time: 1100.0  number of events in the queue [3, 3, 4, 3, 0, 4, 2, 4, 3, 1, 2, 4, 4, 2, 0, 5, 6, 5, 4, 6, 5, 0, 4, 3, 3, 2, 0, 4, 3, 2, 5, 2, 4, 4, 5, 2, 1, 2, 1, 3, 1, 2, 3, 2, 0, 3, 4, 2, 4, 0, 1, 4, 2, 4, 2, 1, 3, 3, 5, 4, 2, 5, 5, 4, 4, 3, 5, 4, 3, 3, 3, 1, 4, 3, 3, 2, 6, 2, 1, 6, 1, 5, 6, 4, 5, 4, 2, 2, 4, 2, 4, 0, 3, 1, 1, 4, 4, 3, 0, 2]
time: 1200.0  number of events in the queue [5, 2, 6, 6, 5, 5, 6, 4, 1, 4, 5, 3, 4, 5, 2, 4, 4, 2, 2, 6, 1, 6, 5, 3, 2, 2, 2, 3, 5, 4, 3, 5, 5, 0, 4, 5, 3, 4, 4, 4, 4, 3, 3, 4, 5, 3, 3, 3, 4, 5, 2, 2, 5, 1, 5, 4, 4, 4, 6, 2, 6, 0, 4, 4, 0, 1, 4, 3, 6, 3, 5, 5, 4, 6, 6, 1, 2, 3, 5, 5, 5, 2, 5, 4, 3, 3, 2, 5, 2, 4, 5, 6, 5, 3, 1, 5, 5, 5, 0, 2]
time: 1300.0  number of events in the queue [4, 4, 3, 5, 3, 4, 0, 1, 3, 3, 4, 5, 6, 4, 4, 4, 3, 4, 3, 1, 2, 5, 4, 4, 4, 3, 5, 3, 4, 3, 3, 5, 5, 3, 3, 2, 1, 6, 4, 3, 1, 3, 3, 3, 3, 3, 5, 4, 4, 5, 4, 5, 3, 3, 3, 4, 2, 3, 4, 4, 1, 6, 0, 3, 3, 3, 5, 3, 3, 3, 5, 4, 4, 2, 4, 1, 4, 1, 3, 5, 4, 4, 5, 5, 2, 2, 6, 4, 5, 2, 4, 4, 5, 3, 4, 3, 1, 5, 5, 2]
time: 1400.0  number of events in the queue [3, 5, 5, 4, 5, 4, 3, 2, 3, 5, 5, 5, 2, 3, 3, 4, 6, 2, 0, 5, 4, 4, 5, 0, 2, 4, 4, 1, 0, 4, 3, 3, 4, 4, 4, 5, 3, 2, 3, 4, 6, 3, 6, 5, 4, 5, 3, 1, 4, 0, 1, 6, 4, 5, 4, 3, 4, 2, 3, 3, 5, 3, 5, 5, 3, 3, 5, 4, 4, 4, 0, 2, 2, 1, 3, 0, 6, 4, 4, 4, 5, 0, 3, 4, 3, 4, 6, 4, 3, 5, 3, 3, 6, 4, 5, 3, 5, 3, 1, 1]
time: 1500.0  number of events in the queue [0, 2, 3, 6, 1, 3, 2, 4, 3, 4, 5, 4, 1, 4, 2, 1, 4, 4, 1, 4, 5, 1, 5, 4, 3, 4, 5, 3, 4, 3, 3, 3, 6, 3, 1, 3, 1, 5, 6, 5, 5, 5, 2, 3, 4, 2, 4, 4, 4, 3, 3, 4, 4, 3, 6, 1, 4, 3, 1, 2, 1, 2, 2, 7, 5, 6, 4, 3, 1, 5, 4, 4, 1, 4, 4, 4, 5, 4, 2, 1, 2, 3, 2, 1, 3, 3, 3, 2, 5, 5, 3, 3, 2, 3, 1, 5, 5, 1, 2, 3]
time: 1600.0  number of events in the queue [3, 5, 4, 5, 3, 1, 2, 5, 0, 2, 2, 3, 4, 4, 4, 3, 3, 3, 4, 4, 3, 4, 1, 5, 3, 4, 4, 5, 2, 3, 4, 7, 4, 5, 2, 3, 2, 1, 4, 3, 1, 4, 4, 3, 3, 2, 4, 3, 2, 3, 3, 1, 3, 3, 1, 5, 3, 5, 4, 3, 2, 4, 5, 4, 3, 2, 1, 2, 4, 4, 2, 3, 2, 5, 1, 4, 2, 2, 0, 2, 4, 1, 4, 2, 3, 4, 4, 4, 4, 6, 4, 4, 1, 1, 4, 2, 5, 1, 4, 3]
time: 1700.0  number of events in the queue [0, 3, 4, 5, 3, 2, 3, 4, 1, 3, 2, 3, 6, 0, 5, 3, 5, 2, 5, 4, 2, 5, 5, 3, 0, 2, 3, 5, 4, 3, 5, 4, 4, 3, 3, 5, 5, 4, 4, 4, 5, 4, 6, 2, 4, 5, 3, 3, 1, 0, 4, 5, 4, 2, 3, 4, 5, 5, 4, 3, 4, 1, 3, 2, 4, 1, 5, 2, 2, 4, 1, 4, 5, 5, 2, 4, 4, 5, 4, 3, 6, 5, 6, 4, 2, 4, 4, 1, 4, 6, 3, 3, 4, 3, 4, 1, 4, 6, 5, 3]
time: 1800.0  number of events in the queue [2, 3, 3, 2, 6, 0, 1, 3, 2, 4, 4, 1, 1, 3, 2, 2, 0, 4, 1, 5, 0, 4, 1, 0, 4, 4, 5, 6, 4, 3, 3, 4, 6, 5, 4, 5, 4, 3, 1, 4, 5, 3, 1, 3, 1, 3, 3, 6, 0, 4, 2, 4, 1, 6, 3, 5, 1, 2, 3, 4, 2, 3, 5, 4, 2, 3, 3, 3, 3, 6, 4, 4, 2, 3, 4, 3, 3, 5, 3, 5, 2, 4, 3, 3, 1, 4, 3, 3, 4, 3, 3, 2, 2, 3, 1, 3, 5, 2, 2, 3]
time: 1900.0  number of events in the queue [2, 3, 2, 2, 4, 3, 3, 2, 3, 2, 3, 4, 2, 3, 4, 4, 3, 0, 1, 2, 4, 3, 2, 4, 4, 4, 3, 3, 1, 5, 4, 5, 3, 3, 3, 2, 2, 2, 3, 3, 3, 0, 2, 3, 4, 3, 4, 3, 4, 2, 4, 5, 2, 0, 3, 4, 3, 4, 3, 1, 4, 2, 3, 5, 3, 0, 3, 3, 2, 1, 4, 4, 2, 4, 2, 1, 5, 3, 0, 1, 3, 4, 3, 0, 1, 2, 2, 2, 0, 2, 5, 3, 2, 4, 3, 3, 0, 3, 0, 4]
time: 2000.0  number of events in the queue [2, 3, 2, 5, 5, 0, 5, 3, 4, 5, 0, 2, 4, 6, 1, 6, 5, 5, 1, 4, 2, 6, 3, 1, 5, 6, 4, 6, 2, 1, 4, 4, 0, 3, 2, 4, 5, 5, 4, 5, 3, 4, 1, 2, 2, 1, 5, 6, 4, 5, 5, 4, 3, 4, 3, 4, 5, 2, 2, 4, 0, 3, 1, 4, 5, 2, 3, 1, 4, 4, 4, 6, 4, 3, 4, 5, 4, 3, 3, 5, 2, 5, 1, 2, 1, 5, 2, 5, 1, 3, 4, 5, 1, 2, 0, 5, 3, 2, 2, 0]
time: 2100.0  number of events in the queue [2, 4, 6, 4, 1, 3, 3, 5, 6, 4, 1, 4, 2, 3, 4, 5, 2, 5, 4, 2, 6, 4, 2, 2, 2, 4, 5, 2, 4, 4, 2, 3, 4, 4, 3, 4, 3, 3, 3, 4, 6, 5, 4, 2, 6, 6, 2, 4, 4, 5, 3, 2, 5, 0, 5, 5, 3, 4, 2, 2, 2, 4, 5, 4, 4, 4, 2, 5, 4, 1, 4, 5, 2, 4, 4, 5, 4, 3, 3, 1, 4, 3, 3, 4, 5, 4, 4, 0, 6, 4, 0, 6, 4, 5, 5, 4, 2, 2, 3, 5]
time: 2200.0  number of events in the queue [3, 1, 3, 3, 2, 2, 1, 4, 4, 4, 4, 5, 3, 3, 5, 3, 2, 5, 3, 4, 3, 0, 5, 6, 5, 3, 5, 4, 2, 0, 5, 2, 6, 3, 3, 3, 3, 4, 3, 3, 1, 2, 3, 3, 5, 4, 4, 1, 3, 4, 4, 3, 4, 2, 1, 2, 4, 2, 3, 3, 5, 4, 6, 2, 4, 3, 3, 3, 6, 6, 2, 3, 3, 2, 4, 1, 6, 4, 5, 3, 3, 0, 1, 3, 3, 3, 2, 2, 0, 2, 4, 2, 1, 2, 5, 1, 2, 4, 3, 0]
time: 2300.0  number of events in the queue [2, 5, 0, 5, 4, 3, 3, 4, 0, 4, 3, 1, 4, 4, 3, 1, 1, 1, 5, 2, 3, 3, 6, 5, 3, 2, 4, 3, 5, 6, 0, 4, 5, 2, 3, 4, 3, 4, 3, 2, 2, 3, 2, 3, 5, 0, 2, 5, 1, 4, 4, 0, 3, 4, 3, 1, 2, 1, 2, 4, 2, 3, 4, 2, 4, 5, 3, 4, 4, 3, 4, 4, 0, 4, 5, 2, 0, 5, 3, 3, 2, 4, 5, 3, 3, 3, 3, 3, 3, 4, 4, 2, 5, 3, 4, 3, 0, 5, 3, 0]
time: 2400.0  number of events in the queue [4, 4, 0, 1, 4, 4, 1, 2, 1, 2, 3, 4, 2, 3, 3, 4, 0, 2, 3, 3, 3, 0, 2, 4, 2, 1, 4, 4, 4, 5, 4, 5, 3, 0, 3, 1, 2, 3, 4, 2, 3, 3, 1, 3, 1, 3, 0, 2, 3, 3, 0, 2, 0, 0, 1, 5, 3, 5, 4, 2, 4, 3, 3, 2, 0, 5, 1, 0, 5, 2, 2, 2, 2, 3, 3, 3, 2, 1, 4, 2, 3, 5, 4, 1, 4, 5, 2, 0, 3, 3, 2, 1, 0, 4, 3, 3, 2, 2, 0, 5]
time: 2500.0  number of events in the queue [6, 3, 4, 6, 6, 6, 4, 5, 3, 4, 5, 4, 4, 4, 6, 3, 4, 3, 3, 5, 4, 4, 5, 3, 5, 4, 3, 6, 6, 5, 4, 6, 4, 7, 6, 5, 4, 4, 4, 5, 4, 1, 2, 4, 5, 4, 6, 1, 4, 0, 5, 3, 3, 2, 3, 4, 5, 2, 6, 5, 3, 2, 2, 3, 3, 5, 4, 3, 5, 4, 3, 6, 4, 5, 6, 5, 0, 3, 3, 3, 4, 4, 3, 5, 4, 4, 5, 1, 5, 6, 3, 2, 5, 5, 5, 6, 5, 5, 5, 1]
time: 2600.0  number of events in the queue [3, 6, 4, 3, 2, 1, 5, 3, 1, 0, 4, 4, 4, 4, 3, 3, 5, 4, 0, 4, 4, 2, 4, 3, 3, 3, 4, 3, 4, 4, 5, 4, 4, 3, 3, 3, 3, 3, 3, 6, 0, 4, 3, 2, 3, 3, 2, 4, 5, 6, 3, 2, 5, 3, 4, 1, 3, 3, 3, 2, 6, 5, 2, 4, 3, 4, 2, 4, 4, 3, 4, 2, 3, 1, 2, 5, 5, 3, 3, 4, 1, 3, 4, 7, 4, 3, 4, 4, 5, 5, 4, 6, 2, 4, 4, 4, 3, 3, 4, 3]
time: 2700.0  number of events in the queue [1, 3, 2, 1, 3, 2, 0, 6, 2, 3, 5, 4, 1, 4, 5, 5, 4, 4, 3, 2, 4, 3, 4, 2, 1, 5, 1, 6, 4, 2, 6, 4, 3, 5, 1, 2, 4, 1, 1, 3, 3, 4, 4, 5, 5, 3, 2, 2, 1, 1, 3, 4, 5, 3, 5, 4, 1, 4, 5, 6, 6, 4, 3, 0, 5, 4, 5, 6, 4, 4, 4, 4, 4, 3, 5, 3, 4, 2, 0, 4, 0, 3, 5, 3, 2, 4, 4, 4, 5, 2, 2, 2, 5, 2, 1, 6, 4, 0, 2, 3]
time: 2800.0  number of events in the queue [3, 2, 3, 4, 5, 4, 4, 3, 4, 4, 0, 6, 5, 2, 1, 0, 3, 1, 4, 5, 2, 2, 5, 4, 2, 4, 5, 5, 4, 4, 3, 3, 2, 4, 3, 0, 5, 3, 3, 5, 4, 4, 0, 5, 4, 2, 2, 3, 3, 4, 3, 4, 6, 3, 5, 4, 2, 4, 3, 2, 6, 3, 3, 2, 1, 4, 4, 3, 4, 6, 4, 3, 3, 2, 4, 3, 4, 2, 3, 4, 3, 5, 2, 3, 4, 3, 1, 4, 2, 5, 4, 2, 4, 4, 4, 3, 3, 3, 4, 3]
time: 2900.0  number of events in the queue [5, 5, 1, 5, 2, 4, 6, 6, 4, 3, 3, 0, 3, 6, 1, 5, 5, 6, 2, 5, 4, 5, 5, 3, 0, 5, 3, 3, 6, 4, 4, 4, 7, 1, 3, 4, 3, 4, 4, 4, 4, 2, 5, 5, 4, 4, 5, 1, 4, 3, 6, 7, 5, 0, 2, 4, 2, 1, 6, 4, 6, 4, 6, 8, 4, 3, 6, 4, 6, 4, 1, 4, 3, 3, 5, 2, 3, 1, 5, 4, 0, 4, 3, 0, 2, 5, 5, 2, 2, 3, 2, 1, 1, 3, 3, 5, 4, 3, 4, 2]
time: 3000.0  number of events in the queue [4, 5, 3, 3, 1, 2, 3, 3, 4, 4, 1, 3, 0, 3, 0, 2, 4, 4, 1, 1, 1, 5, 3, 3, 4, 3, 3, 4, 4, 4, 2, 3, 4, 4, 2, 0, 1, 4, 2, 3, 3, 5, 4, 5, 1, 0, 6, 3, 1, 3, 4, 4, 4, 0, 3, 5, 4, 5, 3, 4, 4, 2, 4, 4, 2, 2, 4, 1, 3, 2, 3, 2, 2, 4, 2, 3, 0, 4, 3, 5, 2, 2, 3, 5, 4, 3, 3, 2, 3, 0, 0, 2, 3, 2, 3, 2, 4, 3, 3, 4]
time: 3100.0  number of events in the queue [0, 5, 4, 4, 4, 3, 5, 4, 6, 4, 5, 2, 2, 5, 2, 1, 6, 4, 5, 5, 4, 5, 4, 2, 5, 3, 1, 2, 4, 6, 2, 4, 3, 4, 1, 5, 5, 4, 3, 4, 2, 5, 3, 4, 4, 6, 5, 4, 4, 3, 1, 3, 3, 4, 6, 5, 2, 4, 5, 5, 2, 4, 4, 5, 6, 3, 3, 2, 3, 6, 2, 2, 2, 5, 2, 4, 3, 3, 4, 2, 3, 4, 3, 3, 4, 4, 4, 6, 5, 7, 1, 5, 5, 3, 4, 5, 2, 4, 5, 4]
time: 3200.0  number of events in the queue [5, 1, 4, 4, 1, 1, 4, 3, 6, 2, 5, 4, 4, 6, 2, 5, 4, 2, 4, 5, 4, 4, 5, 6, 6, 3, 3, 5, 3, 3, 5, 5, 5, 1, 4, 4, 4, 2, 5, 1, 5, 0, 1, 4, 4, 3, 5, 3, 5, 3, 3, 5, 5, 4, 5, 3, 5, 4, 3, 4, 6, 4, 6, 1, 4, 3, 3, 3, 2, 5, 3, 3, 2, 6, 3, 3, 4, 5, 4, 4, 4, 5, 3, 1, 4, 2, 5, 2, 4, 5, 3, 5, 4, 4, 4, 4, 4, 6, 4, 2]
time: 3300.0  number of events in the queue [2, 3, 0, 1, 7, 1, 4, 5, 3, 6, 5, 1, 5, 2, 5, 4, 5, 3, 6, 2, 6, 5, 5, 6, 5, 3, 4, 3, 6, 4, 4, 5, 6, 3, 4, 1, 2, 3, 5, 6, 2, 3, 5, 6, 1, 3, 3, 6, 2, 6, 5, 2, 6, 0, 6, 5, 3, 4, 5, 5, 5, 2, 6, 4, 6, 3, 4, 0, 1, 3, 5, 4, 1, 5, 7, 5, 7, 6, 4, 3, 4, 4, 4, 6, 6, 2, 5, 1, 0, 6, 2, 1, 5, 4, 6, 5, 5, 2, 4, 3]
time: 3400.0  number of events in the queue [5, 2, 3, 3, 2, 5, 3, 4, 5, 2, 3, 3, 4, 5, 3, 3, 4, 2, 1, 5, 3, 3, 4, 2, 4, 3, 3, 3, 2, 3, 2, 2, 3, 0, 1, 3, 3, 3, 3, 3, 5, 4, 1, 3, 3, 3, 2, 4, 4, 2, 3, 2, 2, 3, 3, 3, 3, 4, 4, 3, 4, 3, 3, 4, 0, 4, 2, 2, 2, 5, 4, 2, 4, 3, 0, 2, 3, 4, 4, 4, 3, 2, 1, 4, 5, 5, 4, 1, 3, 5, 4, 3, 2, 6, 3, 2, 2, 1, 3, 2]
time: 3500.0  number of events in the queue [3, 1, 5, 5, 4, 5, 3, 2, 2, 4, 6, 2, 3, 4, 3, 1, 5, 4, 4, 3, 4, 5, 4, 4, 0, 1, 3, 4, 5, 5, 0, 4, 1, 6, 1, 3, 2, 4, 1, 3, 2, 5, 4, 3, 4, 3, 3, 5, 4, 6, 3, 1, 4, 3, 2, 3, 3, 5, 5, 4, 5, 1, 3, 4, 4, 0, 5, 3, 1, 0, 4, 2, 5, 1, 5, 4, 3, 4, 4, 4, 6, 3, 5, 3, 2, 1, 4, 1, 5, 2, 4, 4, 0, 4, 4, 4, 4, 5, 0, 2]
time: 3600.0  number of events in the queue [4, 5, 5, 4, 2, 2, 3, 1, 3, 3, 5, 4, 6, 2, 4, 2, 5, 0, 4, 2, 4, 5, 3, 1, 3, 4, 5, 6, 4, 4, 4, 0, 4, 2, 2, 4, 0, 1, 6, 5, 3, 0, 6, 4, 4, 5, 1, 2, 5, 3, 4, 3, 4, 4, 4, 1, 4, 3, 3, 6, 4, 1, 1, 6, 5, 2, 4, 4, 2, 5, 5, 3, 4, 3, 1, 0, 5, 4, 2, 3, 3, 7, 3, 5, 4, 3, 1, 2, 5, 5, 1, 4, 6, 5, 4, 2, 3, 4, 5, 5]
time: 3700.0  number of events in the queue [2, 5, 5, 4, 0, 5, 3, 1, 2, 1, 3, 3, 3, 4, 3, 4, 3, 5, 2, 1, 3, 5, 3, 4, 1, 2, 3, 5, 3, 4, 5, 4, 0, 5, 2, 3, 4, 3, 4, 4, 2, 2, 4, 4, 4, 2, 1, 3, 5, 3, 1, 4, 4, 3, 5, 1, 1, 3, 3, 5, 1, 4, 5, 4, 3, 1, 5, 4, 4, 5, 4, 2, 4, 3, 1, 4, 2, 2, 3, 3, 1, 3, 0, 3, 2, 1, 3, 4, 0, 0, 3, 3, 1, 3, 3, 0, 3, 3, 1, 4]
time: 3800.0  number of events in the queue [1, 3, 5, 6, 3, 3, 5, 3, 3, 5, 2, 2, 5, 2, 4, 4, 1, 0, 4, 5, 2, 2, 5, 4, 4, 1, 4, 3, 6, 4, 2, 4, 6, 3, 4, 6, 2, 1, 4, 5, 4, 3, 2, 7, 1, 5, 0, 4, 4, 5, 3, 5, 4, 5, 3, 5, 4, 5, 4, 4, 5, 5, 2, 3, 4, 2, 2, 1, 4, 4, 4, 4, 2, 3, 4, 5, 5, 5, 3, 3, 0, 4, 4, 1, 4, 6, 4, 5, 5, 4, 2, 5, 1, 5, 0, 3, 4, 4, 3, 5]
time: 3900.0  number of events in the queue [3, 4, 2, 3, 3, 3, 5, 0, 2, 0, 4, 5, 2, 5, 4, 3, 4, 5, 0, 5, 2, 5, 2, 4, 3, 5, 3, 5, 5, 4, 4, 4, 2, 3, 3, 5, 3, 4, 3, 0, 2, 3, 6, 3, 2, 4, 2, 0, 4, 3, 1, 2, 4, 4, 5, 2, 0, 1, 2, 2, 4, 4, 2, 3, 3, 3, 5, 3, 3, 3, 4, 6, 4, 4, 3, 3, 4, 3, 3, 4, 4, 5, 4, 3, 4, 1, 3, 3, 1, 3, 1, 4, 3, 3, 3, 3, 5, 1, 5, 3]
time: 4000.0  number of events in the queue [4, 5, 2, 4, 5, 6, 4, 5, 5, 2, 1, 0, 2, 3, 4, 5, 5, 2, 4, 5, 4, 2, 5, 6, 5, 4, 5, 3, 3, 4, 4, 3, 6, 4, 1, 4, 4, 3, 4, 1, 2, 4, 5, 5, 5, 4, 3, 3, 2, 5, 5, 5, 4, 3, 1, 1, 4, 0, 4, 5, 2, 0, 6, 3, 3, 4, 3, 4, 1, 2, 3, 4, 4, 4, 2, 5, 2, 4, 4, 4, 5, 5, 4, 1, 1, 5, 3, 2, 4, 6, 3, 6, 5, 3, 6, 1, 5, 5, 1, 4]
time: 4100.0  number of events in the queue [0, 4, 1, 4, 5, 4, 4, 3, 1, 2, 2, 2, 2, 4, 2, 2, 1, 5, 3, 4, 3, 4, 4, 4, 1, 5, 4, 3, 3, 6, 4, 3, 4, 4, 3, 3, 3, 3, 4, 2, 4, 2, 4, 4, 3, 3, 4, 2, 1, 3, 3, 3, 3, 0, 3, 3, 3, 4, 4, 4, 3, 1, 5, 0, 0, 4, 3, 5, 1, 4, 3, 4, 0, 2, 5, 3, 2, 4, 5, 4, 4, 3, 4, 2, 3, 2, 4, 4, 4, 4, 5, 3, 3, 4, 2, 4, 4, 4, 3, 3]
time: 4200.0  number of events in the queue [2, 1, 2, 2, 4, 2, 3, 2, 2, 1, 2, 3, 2, 2, 4, 0, 2, 3, 4, 2, 4, 4, 3, 0, 1, 4, 2, 1, 0, 1, 3, 5, 0, 3, 3, 0, 3, 5, 2, 3, 3, 1, 1, 4, 3, 2, 5, 2, 4, 4, 1, 4, 1, 1, 4, 3, 0, 5, 3, 1, 4, 4, 1, 1, 4, 4, 1, 1, 2, 5, 0, 3, 4, 3, 3, 5, 3, 1, 3, 4, 4, 0, 4, 1, 2, 1, 0, 3, 5, 2, 1, 2, 5, 3, 4, 2, 2, 2, 3, 3]
time: 4300.0  number of events in the queue [4, 5, 5, 2, 2, 5, 5, 3, 3, 1, 1, 4, 1, 2, 5, 6, 5, 4, 4, 4, 2, 2, 4, 3, 2, 2, 5, 3, 5, 5, 4, 3, 6, 2, 2, 3, 3, 3, 3, 1, 2, 2, 3, 3, 0, 4, 4, 3, 2, 6, 5, 3, 2, 1, 3, 5, 5, 4, 4, 4, 6, 2, 4, 3, 2, 2, 2, 5, 4, 0, 3, 5, 6, 5, 5, 1, 4, 4, 4, 5, 5, 4, 5, 5, 4, 3, 4, 5, 1, 4, 4, 3, 3, 2, 3, 4, 4, 5, 1, 3]
time: 4400.0  number of events in the queue [5, 4, 1, 4, 5, 4, 4, 3, 4, 1, 5, 3, 4, 3, 4, 5, 4, 4, 4, 1, 5, 4, 6, 4, 3, 5, 4, 2, 1, 4, 3, 1, 2, 5, 5, 4, 4, 1, 1, 2, 2, 4, 6, 5, 2, 1, 4, 2, 1, 3, 1, 4, 3, 5, 4, 7, 2, 4, 5, 3, 6, 1, 4, 3, 5, 4, 4, 5, 6, 4, 0, 1, 0, 0, 5, 6, 4, 5, 3, 4, 1, 3, 4, 6, 6, 5, 4, 3, 5, 5, 4, 1, 5, 5, 4, 4, 2, 5, 3, 3]
time: 4500.0  number of events in the queue [2, 4, 2, 4, 1, 0, 3, 3, 3, 2, 3, 4, 3, 3, 2, 3, 2, 3, 2, 4, 4, 5, 3, 2, 4, 5, 4, 0, 1, 5, 5, 1, 3, 3, 2, 4, 4, 4, 3, 3, 2, 2, 4, 4, 3, 1, 4, 3, 4, 2, 4, 3, 3, 1, 1, 4, 2, 0, 5, 3, 2, 4, 0, 4, 5, 3, 4, 4, 2, 5, 2, 0, 1, 2, 1, 2, 0, 1, 3, 5, 4, 3, 3, 3, 3, 4, 4, 3, 2, 4, 3, 2, 5, 4, 2, 2, 5, 2, 1, 2]
time: 4600.0  number of events in the queue [4, 4, 4, 5, 3, 4, 1, 2, 3, 3, 6, 4, 3, 1, 5, 4, 1, 0, 3, 5, 5, 5, 0, 1, 3, 2, 0, 3, 4, 4, 5, 4, 5, 5, 1, 4, 3, 5, 2, 5, 2, 2, 3, 2, 2, 3, 5, 3, 1, 3, 4, 5, 3, 5, 5, 4, 4, 4, 4, 0, 3, 4, 1, 1, 1, 4, 2, 4, 2, 5, 2, 3, 6, 3, 3, 4, 1, 3, 3, 4, 2, 3, 2, 2, 5, 4, 1, 5, 4, 5, 4, 2, 4, 2, 5, 2, 1, 3, 4, 2]
time: 4700.0  number of events in the queue [3, 3, 0, 3, 5, 2, 2, 4, 2, 3, 5, 1, 3, 5, 3, 5, 1, 3, 2, 5, 4, 4, 3, 3, 1, 3, 3, 3, 1, 5, 3, 1, 3, 3, 3, 3, 3, 3, 4, 4, 5, 5, 1, 3, 1, 2, 3, 2, 1, 4, 1, 4, 2, 5, 5, 1, 2, 4, 0, 2, 4, 3, 5, 5, 3, 2, 1, 0, 1, 5, 4, 1, 3, 5, 3, 2, 3, 2, 0, 5, 0, 1, 4, 3, 4, 4, 3, 3, 4, 5, 4, 1, 5, 4, 1, 4, 1, 2, 2, 1]
time: 4800.0  number of events in the queue [5, 0, 5, 3, 1, 4, 3, 3, 2, 3, 3, 0, 4, 0, 3, 4, 2, 3, 4, 5, 0, 5, 2, 3, 1, 5, 0, 2, 2, 1, 3, 4, 5, 4, 4, 5, 1, 2, 2, 4, 0, 2, 4, 3, 4, 3, 1, 2, 3, 4, 0, 3, 3, 2, 4, 4, 3, 2, 3, 0, 3, 3, 4, 4, 3, 3, 3, 3, 3, 3, 5, 6, 1, 4, 3, 6, 5, 6, 0, 3, 0, 2, 5, 0, 1, 3, 5, 4, 4, 3, 4, 3, 2, 4, 3, 2, 6, 3, 5, 5]
time: 4900.0  number of events in the queue [1, 4, 5, 5, 6, 6, 3, 4, 5, 6, 3, 2, 3, 5, 5, 6, 2, 1, 6, 6, 3, 5, 3, 4, 1, 4, 3, 4, 4, 5, 4, 4, 5, 4, 6, 6, 5, 6, 6, 3, 5, 5, 3, 6, 6, 6, 3, 5, 4, 6, 5, 2, 5, 5, 5, 2, 5, 5, 4, 6, 3, 5, 6, 6, 2, 3, 4, 6, 3, 5, 4, 3, 4, 3, 2, 2, 3, 6, 5, 2, 5, 5, 4, 3, 5, 4, 0, 1, 3, 2, 2, 3, 4, 4, 4, 4, 5, 4, 3, 6]
time: 5000.0  number of events in the queue [5, 4, 5, 5, 2, 3, 7, 2, 3, 2, 2, 3, 3, 5, 3, 4, 4, 5, 2, 0, 2, 3, 4, 2, 2, 4, 3, 1, 2, 6, 4, 3, 7, 1, 3, 1, 6, 3, 4, 3, 5, 5, 4, 6, 0, 2, 1, 2, 2, 4, 4, 5, 6, 5, 4, 5, 4, 1, 0, 3, 3, 2, 3, 3, 4, 2, 4, 4, 3, 5, 2, 2, 0, 1, 3, 4, 2, 3, 2, 0, 3, 3, 4, 4, 4, 3, 0, 6, 3, 6, 4, 5, 4, 3, 2, 5, 6, 3, 4, 1]
time: 5100.0  number of events in the queue [6, 6, 7, 3, 2, 4, 5, 0, 1, 5, 4, 5, 2, 1, 4, 6, 5, 6, 5, 6, 2, 5, 3, 2, 2, 4, 6, 3, 7, 5, 3, 4, 3, 5, 6, 2, 6, 5, 1, 3, 4, 3, 2, 5, 0, 4, 2, 4, 6, 3, 5, 5, 2, 4, 5, 5, 3, 4, 1, 4, 4, 1, 5, 4, 3, 4, 4, 4, 7, 6, 7, 6, 5, 4, 5, 3, 5, 3, 3, 6, 5, 3, 6, 3, 2, 4, 2, 1, 3, 3, 5, 4, 4, 3, 6, 4, 7, 2, 4, 6]
time: 5200.0  number of events in the queue [1, 2, 4, 3, 2, 2, 4, 4, 2, 5, 2, 2, 2, 5, 1, 4, 3, 2, 1, 4, 4, 3, 5, 3, 2, 1, 1, 3, 5, 0, 4, 4, 3, 4, 4, 3, 0, 3, 2, 3, 4, 4, 5, 3, 3, 2, 1, 1, 4, 1, 4, 2, 3, 5, 2, 2, 2, 1, 5, 3, 3, 5, 3, 0, 5, 4, 4, 3, 4, 4, 3, 5, 4, 3, 3, 4, 2, 0, 3, 4, 2, 5, 4, 5, 2, 1, 0, 2, 1, 2, 3, 5, 4, 4, 3, 5, 4, 4, 0, 3]
time: 5300.0  number of events in the queue [3, 4, 0, 6, 4, 4, 1, 3, 3, 4, 4, 4, 4, 5, 1, 5, 5, 4, 4, 5, 3, 3, 1, 5, 2, 3, 4, 0, 6, 5, 3, 4, 5, 1, 5, 5, 4, 4, 1, 5, 4, 3, 4, 1, 4, 3, 4, 3, 4, 4, 5, 3, 4, 1, 4, 6, 4, 0, 2, 0, 1, 4, 4, 3, 1, 5, 3, 4, 6, 1, 5, 6, 5, 2, 3, 4, 0, 5, 5, 4, 5, 3, 5, 5, 6, 4, 3, 5, 5, 4, 5, 6, 0, 2, 5, 4, 4, 4, 4, 5]
time: 5400.0  number of events in the queue [2, 4, 0, 3, 3, 3, 2, 2, 2, 5, 4, 4, 2, 1, 4, 4, 3, 3, 2, 2, 3, 3, 2, 1, 5, 5, 3, 1, 2, 4, 4, 3, 1, 4, 1, 4, 1, 2, 2, 4, 1, 1, 3, 5, 3, 3, 0, 3, 2, 2, 3, 4, 1, 3, 4, 3, 3, 3, 5, 2, 3, 0, 1, 3, 3, 3, 3, 4, 1, 0, 5, 0, 3, 2, 2, 3, 2, 3, 3, 3, 3, 1, 2, 4, 2, 3, 0, 2, 1, 2, 3, 2, 2, 1, 3, 4, 3, 1, 4, 3]
time: 5500.0  number of events in the queue [4, 4, 2, 4, 2, 5, 0, 1, 2, 1, 4, 5, 4, 5, 3, 4, 4, 3, 0, 5, 4, 3, 2, 2, 2, 1, 2, 1, 2, 1, 0, 2, 2, 2, 5, 3, 3, 2, 3, 3, 4, 4, 4, 2, 5, 2, 2, 2, 3, 5, 2, 4, 4, 4, 4, 3, 0, 6, 2, 3, 3, 1, 4, 1, 2, 3, 0, 1, 2, 2, 1, 3, 4, 4, 2, 2, 3, 4, 2, 5, 3, 0, 6, 5, 2, 5, 3, 4, 2, 2, 4, 1, 3, 2, 0, 4, 3, 2, 1, 2]
time: 5600.0  number of events in the queue [4, 2, 4, 3, 4, 1, 3, 2, 4, 2, 5, 1, 4, 4, 3, 2, 2, 3, 3, 3, 4, 5, 4, 4, 1, 4, 3, 3, 3, 2, 2, 1, 5, 3, 2, 3, 4, 5, 5, 1, 2, 1, 3, 4, 3, 3, 1, 6, 5, 2, 0, 2, 0, 1, 5, 1, 3, 1, 5, 4, 4, 5, 2, 5, 1, 4, 3, 5, 3, 5, 2, 2, 5, 3, 4, 3, 7, 4, 3, 4, 4, 3, 2, 5, 2, 6, 4, 2, 2, 1, 5, 2, 3, 3, 4, 3, 4, 4, 3, 3]
time: 5700.0  number of events in the queue [3, 1, 2, 3, 1, 3, 2, 0, 2, 3, 0, 3, 1, 1, 3, 2, 3, 4, 0, 3, 5, 3, 0, 2, 3, 3, 3, 2, 3, 2, 4, 4, 4, 1, 3, 0, 5, 0, 5, 3, 5, 2, 1, 4, 3, 3, 4, 2, 1, 3, 3, 2, 3, 1, 2, 1, 2, 4, 3, 2, 3, 1, 3, 4, 3, 1, 5, 3, 3, 3, 5, 2, 3, 3, 3, 2, 5, 4, 4, 5, 2, 5, 3, 4, 0, 4, 2, 3, 1, 4, 3, 2, 2, 3, 2, 2, 2, 2, 4, 3]
time: 5800.0  number of events in the queue [3, 3, 4, 1, 3, 5, 5, 1, 5, 4, 6, 3, 2, 3, 5, 4, 4, 6, 2, 2, 2, 5, 4, 3, 4, 2, 2, 3, 3, 1, 4, 3, 4, 4, 2, 3, 4, 5, 4, 4, 3, 4, 3, 2, 3, 0, 4, 2, 4, 4, 1, 4, 2, 1, 5, 2, 4, 4, 2, 4, 4, 5, 4, 2, 2, 3, 3, 3, 5, 4, 3, 4, 5, 3, 4, 5, 4, 4, 5, 4, 5, 6, 2, 5, 3, 3, 4, 0, 5, 1, 4, 3, 4, 4, 4, 2, 4, 0, 6, 3]
time: 5900.0  number of events in the queue [2, 0, 1, 1, 2, 2, 3, 5, 5, 2, 4, 4, 2, 2, 3, 1, 4, 3, 4, 3, 4, 5, 2, 3, 0, 3, 2, 4, 2, 4, 5, 3, 0, 3, 2, 2, 4, 3, 4, 2, 3, 0, 4, 3, 3, 4, 3, 2, 3, 1, 3, 3, 2, 3, 2, 3, 5, 5, 2, 0, 2, 4, 3, 2, 5, 3, 3, 3, 1, 2, 1, 2, 2, 4, 1, 3, 2, 3, 3, 2, 4, 3, 3, 4, 0, 3, 2, 4, 0, 2, 3, 2, 3, 5, 3, 3, 3, 5, 3, 1]
time: 6000.0  number of events in the queue [4, 5, 3, 2, 1, 4, 4, 5, 3, 3, 0, 0, 6, 4, 4, 4, 4, 3, 3, 0, 2, 4, 4, 5, 3, 2, 3, 3, 4, 3, 4, 3, 5, 4, 4, 2, 3, 3, 5, 3, 4, 4, 5, 0, 5, 3, 5, 5, 4, 4, 4, 4, 2, 2, 4, 5, 5, 4, 2, 0, 0, 2, 0, 3, 4, 6, 4, 1, 4, 4, 5, 2, 0, 2, 3, 2, 0, 5, 3, 5, 3, 3, 4, 3, 1, 4, 2, 4, 2, 2, 5, 4, 4, 5, 4, 3, 4, 4, 5, 2]
time: 6100.0  number of events in the queue [4, 5, 2, 4, 4, 6, 6, 4, 5, 1, 5, 6, 3, 7, 4, 0, 5, 6, 1, 3, 1, 4, 4, 3, 3, 3, 5, 6, 2, 4, 5, 6, 5, 0, 2, 4, 5, 6, 3, 4, 2, 2, 1, 5, 6, 3, 3, 2, 5, 5, 6, 6, 2, 5, 4, 3, 4, 2, 4, 1, 1, 5, 4, 5, 6, 0, 0, 3, 4, 4, 3, 6, 5, 6, 2, 5, 5, 4, 0, 1, 1, 3, 6, 5, 5, 2, 5, 5, 5, 6, 5, 6, 4, 4, 5, 4, 5, 5, 4, 2]
time: 6200.0  number of events in the queue [3, 0, 4, 4, 5, 2, 2, 2, 3, 0, 3, 2, 0, 4, 2, 3, 3, 0, 4, 4, 3, 3, 3, 4, 1, 3, 3, 3, 4, 1, 3, 4, 4, 5, 1, 3, 0, 2, 3, 2, 2, 4, 3, 3, 2, 0, 0, 5, 1, 4, 3, 2, 1, 2, 4, 0, 2, 4, 2, 4, 4, 3, 2, 1, 1, 3, 3, 0, 5, 3, 1, 1, 3, 2, 3, 4, 4, 3, 2, 4, 1, 2, 3, 3, 5, 2, 2, 3, 4, 0, 1, 3, 3, 4, 2, 2, 4, 1, 3, 3]
time: 6300.0  number of events in the queue [5, 4, 3, 0, 3, 1, 3, 0, 4, 3, 5, 3, 4, 4, 3, 1, 4, 3, 4, 3, 4, 4, 5, 3, 3, 5, 3, 3, 2, 0, 1, 4, 4, 5, 3, 1, 3, 4, 5, 3, 3, 5, 0, 4, 3, 2, 3, 2, 4, 5, 4, 2, 3, 3, 4, 2, 5, 1, 4, 2, 1, 0, 3, 2, 3, 4, 4, 2, 0, 0, 4, 3, 3, 1, 1, 4, 0, 3, 4, 4, 5, 5, 0, 2, 3, 5, 4, 4, 5, 4, 5, 3, 4, 0, 1, 1, 4, 5, 4, 5]
time: 6400.0  number of events in the queue [4, 6, 6, 5, 5, 4, 5, 6, 5, 5, 6, 2, 2, 4, 0, 4, 5, 4, 4, 4, 6, 7, 4, 6, 6, 6, 6, 6, 4, 2, 2, 7, 6, 1, 6, 8, 6, 4, 4, 7, 5, 4, 1, 0, 3, 6, 4, 5, 2, 5, 4, 6, 5, 8, 2, 5, 4, 7, 1, 6, 6, 4, 4, 7, 5, 5, 6, 1, 6, 4, 1, 3, 1, 5, 4, 3, 1, 6, 4, 5, 4, 5, 6, 4, 7, 6, 5, 4, 7, 6, 0, 4, 5, 6, 6, 3, 5, 8, 4, 7]
time: 6500.0  number of events in the queue [4, 3, 4, 3, 6, 3, 3, 4, 4, 2, 4, 4, 6, 0, 3, 3, 2, 1, 4, 5, 2, 0, 3, 2, 4, 1, 1, 4, 3, 5, 3, 4, 4, 4, 3, 2, 1, 4, 3, 2, 4, 4, 5, 3, 1, 4, 2, 5, 5, 1, 2, 5, 4, 2, 6, 5, 2, 4, 3, 4, 4, 4, 2, 4, 2, 4, 6, 4, 5, 3, 4, 3, 4, 5, 5, 6, 0, 5, 6, 2, 4, 3, 2, 2, 5, 3, 2, 1, 5, 3, 5, 3, 4, 3, 1, 2, 4, 0, 4, 1]
time: 6600.0  number of events in the queue [5, 6, 5, 3, 4, 5, 4, 3, 4, 5, 5, 6, 3, 4, 6, 6, 4, 5, 5, 3, 4, 4, 5, 2, 0, 3, 5, 2, 0, 3, 5, 0, 3, 4, 4, 5, 2, 1, 5, 3, 6, 3, 4, 2, 2, 4, 1, 5, 3, 4, 3, 3, 3, 3, 3, 7, 6, 4, 5, 3, 7, 5, 7, 4, 5, 5, 5, 6, 0, 4, 7, 5, 6, 5, 5, 0, 4, 3, 6, 4, 5, 2, 5, 7, 4, 3, 3, 5, 3, 6, 6, 2, 5, 4, 5, 4, 5, 7, 5, 4]
time: 6700.0  number of events in the queue [4, 3, 2, 4, 5, 4, 1, 1, 1, 4, 4, 5, 3, 3, 4, 3, 3, 2, 0, 2, 4, 2, 3, 2, 2, 1, 3, 3, 2, 0, 3, 2, 1, 0, 5, 1, 4, 3, 4, 0, 3, 3, 3, 4, 3, 0, 3, 2, 4, 3, 2, 3, 1, 2, 3, 2, 4, 5, 5, 2, 3, 2, 4, 3, 4, 2, 4, 0, 4, 3, 2, 3, 3, 1, 3, 0, 5, 4, 3, 3, 2, 5, 3, 2, 2, 2, 2, 3, 5, 2, 4, 3, 2, 3, 3, 2, 3, 2, 3, 2]
time: 6800.0  number of events in the queue [5, 6, 5, 4, 7, 4, 5, 2, 7, 2, 4, 2, 4, 3, 4, 0, 4, 5, 4, 3, 6, 4, 4, 7, 5, 6, 6, 3, 0, 6, 4, 3, 5, 3, 6, 3, 6, 6, 3, 6, 6, 3, 5, 2, 7, 5, 4, 3, 5, 3, 6, 2, 4, 4, 5, 3, 5, 4, 3, 6, 2, 2, 1, 6, 5, 4, 5, 5, 4, 4, 6, 6, 0, 3, 5, 6, 5, 4, 4, 2, 3, 5, 3, 2, 5, 4, 3, 1, 2, 1, 4, 5, 0, 6, 2, 5, 2, 2, 6, 1]
time: 6900.0  number of events in the queue [4, 1, 5, 5, 5, 6, 4, 4, 3, 3, 5, 5, 5, 0, 5, 0, 5, 4, 5, 6, 4, 3, 5, 3, 6, 2, 4, 3, 2, 4, 5, 3, 3, 6, 5, 5, 5, 3, 5, 2, 5, 4, 2, 3, 3, 2, 3, 4, 4, 5, 0, 2, 5, 5, 4, 4, 3, 3, 7, 2, 0, 2, 2, 5, 5, 5, 3, 5, 6, 4, 4, 4, 5, 4, 1, 3, 5, 3, 4, 4, 3, 5, 1, 6, 3, 5, 5, 1, 5, 4, 3, 4, 6, 3, 2, 3, 6, 3, 3, 3]
time: 7000.0  number of events in the queue [3, 4, 4, 7, 3, 4, 7, 6, 4, 6, 3, 4, 4, 4, 6, 6, 3, 5, 4, 4, 5, 0, 2, 5, 5, 3, 3, 5, 5, 6, 4, 3, 4, 2, 5, 5, 5, 3, 6, 3, 5, 3, 2, 2, 5, 4, 2, 4, 5, 5, 3, 4, 6, 4, 4, 5, 3, 3, 4, 4, 3, 5, 5, 4, 4, 5, 3, 4, 1, 2, 3, 4, 6, 4, 5, 5, 3, 7, 3, 7, 4, 3, 2, 4, 2, 2, 4, 3, 5, 3, 7, 5, 4, 4, 6, 5, 7, 4, 4, 4]
time: 7100.0  number of events in the queue [0, 5, 3, 5, 4, 3, 0, 5, 5, 3, 3, 5, 4, 5, 6, 4, 5, 3, 3, 5, 2, 4, 2, 4, 6, 4, 4, 3, 4, 5, 6, 4, 5, 3, 4, 0, 0, 5, 2, 1, 6, 1, 2, 4, 2, 4, 3, 5, 3, 3, 6, 4, 4, 4, 4, 4, 0, 6, 2, 2, 3, 4, 2, 5, 2, 1, 3, 4, 3, 3, 1, 6, 5, 5, 2, 5, 3, 2, 3, 1, 4, 1, 2, 0, 4, 0, 2, 4, 5, 4, 3, 4, 3, 3, 4, 3, 5, 3, 1, 3]
time: 7200.0  number of events in the queue [4, 1, 0, 4, 4, 5, 3, 3, 4, 3, 4, 1, 4, 2, 6, 1, 6, 4, 5, 6, 3, 0, 3, 1, 7, 4, 3, 1, 5, 4, 4, 3, 4, 5, 3, 4, 6, 4, 3, 6, 4, 1, 5, 6, 6, 3, 4, 2, 5, 2, 5, 4, 4, 5, 5, 5, 4, 7, 5, 2, 2, 4, 4, 5, 4, 2, 3, 4, 3, 2, 4, 1, 6, 2, 4, 3, 6, 4, 2, 3, 3, 4, 6, 5, 0, 2, 6, 3, 2, 6, 5, 3, 3, 0, 4, 4, 0, 4, 3, 4]
time: 7300.0  number of events in the queue [3, 4, 1, 4, 6, 0, 1, 4, 2, 3, 5, 1, 1, 4, 3, 2, 1, 5, 5, 3, 3, 6, 1, 4, 4, 2, 6, 4, 4, 4, 3, 4, 3, 4, 4, 4, 4, 1, 3, 2, 2, 1, 3, 4, 2, 4, 6, 4, 2, 3, 6, 0, 1, 5, 3, 3, 0, 3, 1, 3, 4, 1, 3, 0, 3, 3, 4, 1, 5, 0, 4, 5, 4, 1, 4, 0, 6, 3, 5, 6, 0, 3, 4, 5, 0, 4, 5, 2, 3, 4, 0, 4, 3, 3, 3, 3, 3, 6, 6, 3]
time: 7400.0  number of events in the queue [4, 0, 0, 4, 3, 4, 5, 1, 4, 2, 4, 3, 5, 3, 4, 3, 4, 3, 1, 5, 1, 3, 2, 3, 4, 4, 4, 2, 2, 3, 2, 4, 5, 4, 3, 3, 3, 2, 3, 3, 4, 2, 4, 5, 3, 1, 4, 4, 5, 3, 1, 0, 2, 3, 3, 4, 4, 2, 2, 3, 2, 5, 3, 4, 1, 1, 3, 0, 5, 3, 4, 3, 4, 5, 4, 2, 4, 4, 3, 5, 4, 4, 5, 4, 1, 3, 2, 0, 3, 4, 4, 3, 5, 5, 5, 4, 2, 3, 4, 1]
time: 7500.0  number of events in the queue [4, 4, 4, 2, 4, 3, 3, 2, 6, 1, 2, 5, 1, 2, 2, 2, 4, 1, 4, 2, 2, 2, 4, 2, 1, 5, 4, 4, 3, 4, 4, 3, 3, 1, 1, 2, 5, 6, 5, 3, 4, 1, 6, 4, 4, 1, 3, 1, 5, 5, 4, 3, 5, 5, 3, 4, 4, 5, 4, 0, 4, 3, 3, 1, 4, 2, 1, 4, 2, 1, 1, 5, 4, 5, 2, 4, 2, 2, 6, 3, 4, 1, 6, 5, 5, 0, 3, 4, 4, 1, 5, 3, 0, 1, 6, 3, 3, 5, 0, 5]
time: 7600.0  number of events in the queue [5, 3, 4, 2, 5, 3, 0, 4, 6, 6, 4, 3, 4, 5, 6, 5, 5, 7, 4, 4, 4, 6, 3, 4, 6, 4, 1, 5, 3, 0, 4, 5, 3, 5, 6, 6, 5, 5, 4, 4, 6, 5, 3, 4, 5, 6, 2, 4, 5, 4, 3, 4, 4, 5, 3, 5, 5, 5, 3, 3, 1, 3, 6, 4, 2, 4, 6, 5, 2, 1, 4, 4, 2, 5, 5, 5, 5, 4, 5, 6, 4, 5, 4, 4, 6, 5, 5, 5, 4, 6, 4, 4, 3, 5, 2, 1, 5, 2, 4, 6]
time: 7700.0  number of events in the queue [1, 3, 5, 6, 3, 6, 4, 3, 4, 3, 2, 5, 6, 1, 1, 5, 6, 3, 4, 5, 3, 4, 1, 4, 2, 3, 3, 4, 2, 3, 2, 6, 2, 2, 1, 2, 6, 3, 4, 2, 7, 3, 3, 2, 4, 5, 1, 4, 5, 2, 5, 5, 5, 3, 6, 5, 5, 5, 2, 5, 2, 4, 6, 5, 0, 4, 2, 4, 4, 5, 3, 2, 6, 3, 4, 3, 1, 6, 3, 4, 3, 4, 5, 2, 3, 6, 5, 3, 2, 5, 6, 3, 2, 3, 0, 3, 6, 3, 2, 4]
time: 7800.0  number of events in the queue [1, 4, 4, 4, 3, 5, 5, 3, 3, 4, 3, 4, 6, 5, 4, 6, 5, 5, 6, 4, 4, 3, 6, 3, 4, 5, 5, 4, 5, 3, 5, 2, 1, 2, 5, 0, 4, 5, 4, 4, 6, 3, 3, 5, 4, 6, 5, 4, 6, 2, 4, 4, 3, 2, 5, 4, 6, 4, 3, 7, 3, 3, 2, 4, 5, 0, 5, 4, 3, 5, 5, 5, 3, 6, 4, 7, 2, 5, 4, 3, 5, 5, 3, 7, 7, 6, 4, 4, 0, 4, 2, 0, 6, 1, 5, 3, 5, 6, 3, 3]
time: 7900.0  number of events in the queue [6, 4, 3, 2, 2, 4, 0, 6, 5, 4, 5, 5, 6, 5, 4, 2, 4, 2, 5, 1, 4, 6, 5, 4, 5, 3, 4, 5, 4, 4, 0, 4, 4, 5, 3, 4, 6, 4, 1, 1, 1, 5, 4, 5, 2, 2, 3, 6, 3, 5, 3, 6, 3, 6, 2, 1, 1, 5, 5, 3, 5, 3, 6, 6, 3, 3, 5, 4, 5, 6, 5, 4, 3, 6, 5, 3, 6, 4, 4, 5, 1, 0, 2, 2, 4, 4, 5, 4, 7, 5, 2, 3, 3, 4, 5, 2, 1, 2, 4, 4]
time: 8000.0  number of events in the queue [5, 4, 2, 4, 5, 2, 0, 6, 1, 2, 0, 4, 1, 5, 5, 2, 2, 5, 3, 4, 4, 5, 3, 5, 5, 6, 2, 6, 4, 5, 7, 6, 2, 6, 6, 0, 6, 5, 5, 4, 4, 1, 4, 6, 6, 5, 4, 6, 5, 5, 5, 1, 3, 6, 1, 1, 4, 5, 5, 6, 6, 5, 5, 6, 3, 5, 3, 4, 2, 4, 5, 2, 4, 7, 5, 4, 4, 7, 1, 5, 3, 6, 3, 3, 2, 7, 2, 6, 5, 6, 4, 5, 4, 3, 5, 2, 4, 4, 5, 7]
time: 8100.0  number of events in the queue [5, 1, 3, 4, 5, 4, 5, 4, 5, 1, 5, 5, 5, 4, 4, 3, 4, 6, 4, 2, 3, 3, 3, 6, 4, 6, 4, 2, 3, 2, 4, 1, 4, 2, 3, 4, 5, 4, 4, 5, 5, 5, 5, 4, 1, 2, 2, 1, 1, 2, 5, 3, 5, 4, 3, 5, 3, 5, 3, 5, 2, 3, 5, 6, 3, 4, 4, 3, 4, 1, 1, 6, 3, 4, 4, 4, 4, 5, 0, 2, 3, 0, 4, 3, 5, 3, 4, 0, 4, 1, 4, 2, 3, 4, 2, 2, 4, 3, 2, 4]
time: 8200.0  number of events in the queue [3, 1, 3, 4, 2, 5, 3, 5, 4, 2, 3, 3, 0, 6, 2, 3, 1, 4, 6, 3, 3, 6, 5, 5, 5, 6, 2, 5, 4, 5, 5, 3, 2, 2, 3, 4, 5, 6, 4, 6, 5, 5, 2, 1, 4, 1, 6, 5, 0, 2, 3, 3, 5, 5, 4, 5, 6, 6, 0, 5, 5, 3, 6, 5, 5, 3, 3, 5, 5, 5, 3, 6, 5, 6, 4, 2, 6, 3, 5, 4, 4, 4, 3, 1, 6, 3, 4, 6, 4, 6, 4, 3, 3, 2, 3, 4, 5, 3, 4, 4]
time: 8300.0  number of events in the queue [4, 3, 4, 5, 4, 2, 5, 3, 2, 3, 3, 3, 6, 4, 5, 4, 3, 3, 6, 2, 3, 5, 4, 1, 3, 0, 1, 2, 3, 1, 5, 1, 2, 5, 3, 4, 2, 4, 1, 3, 4, 4, 4, 2, 4, 5, 4, 4, 4, 5, 2, 5, 2, 5, 2, 4, 5, 0, 4, 0, 4, 4, 4, 3, 3, 1, 2, 1, 3, 2, 0, 0, 5, 4, 4, 5, 1, 3, 1, 3, 2, 1, 2, 3, 5, 3, 5, 4, 3, 3, 4, 4, 1, 4, 3, 4, 4, 3, 5, 2]
time: 8400.0  number of events in the queue [1, 2, 3, 3, 4, 3, 2, 3, 4, 2, 3, 2, 2, 5, 4, 1, 1, 5, 3, 3, 1, 3, 5, 2, 4, 3, 3, 3, 3, 4, 5, 4, 1, 3, 1, 3, 3, 0, 4, 2, 4, 1, 6, 4, 2, 4, 1, 4, 3, 3, 6, 5, 4, 3, 2, 0, 0, 3, 2, 3, 4, 3, 6, 3, 3, 3, 0, 5, 3, 0, 2, 4, 4, 2, 3, 4, 3, 0, 2, 2, 4, 4, 6, 2, 4, 5, 1, 2, 1, 5, 5, 2, 1, 3, 3, 4, 3, 0, 3, 1]
time: 8500.0  number of events in the queue [3, 4, 1, 2, 2, 3, 0, 3, 0, 4, 2, 3, 2, 1, 2, 4, 2, 3, 1, 2, 1, 2, 1, 2, 2, 3, 1, 3, 2, 1, 1, 1, 3, 3, 4, 2, 3, 4, 1, 3, 0, 2, 3, 1, 0, 3, 4, 1, 2, 1, 3, 1, 3, 0, 2, 1, 2, 2, 2, 1, 1, 0, 3, 2, 0, 2, 2, 2, 1, 3, 1, 3, 1, 2, 3, 2, 1, 4, 2, 2, 3, 1, 1, 3, 3, 3, 3, 1, 2, 3, 1, 2, 2, 2, 0, 4, 1, 4, 1, 2]
time: 8600.0  number of events in the queue [0, 4, 5, 3, 5, 5, 4, 4, 5, 5, 3, 3, 0, 4, 5, 0, 3, 3, 4, 6, 4, 5, 3, 4, 3, 6, 2, 4, 6, 4, 7, 3, 5, 3, 5, 4, 3, 6, 5, 4, 4, 3, 3, 3, 5, 2, 6, 5, 1, 4, 4, 2, 6, 4, 4, 1, 1, 4, 4, 3, 4, 2, 6, 6, 2, 2, 5, 3, 4, 2, 3, 4, 5, 4, 1, 4, 2, 3, 5, 3, 5, 3, 4, 2, 3, 4, 4, 4, 4, 3, 3, 4, 4, 3, 5, 3, 5, 2, 4, 5]
time: 8700.0  number of events in the queue [4, 4, 2, 5, 5, 4, 4, 4, 2, 4, 5, 3, 3, 1, 3, 1, 4, 0, 6, 3, 4, 7, 3, 0, 4, 4, 5, 3, 2, 6, 4, 5, 3, 4, 2, 3, 5, 4, 3, 5, 4, 3, 5, 3, 1, 4, 1, 3, 4, 3, 3, 4, 5, 2, 4, 0, 3, 4, 3, 6, 4, 1, 6, 5, 3, 3, 0, 3, 6, 3, 3, 2, 5, 4, 3, 6, 6, 2, 2, 2, 3, 3, 0, 1, 4, 3, 4, 2, 2, 3, 2, 1, 4, 5, 4, 2, 4, 2, 4, 1]
time: 8800.0  number of events in the queue [2, 4, 2, 4, 0, 4, 5, 3, 5, 4, 3, 2, 4, 3, 2, 1, 3, 1, 3, 4, 5, 4, 2, 4, 2, 4, 3, 4, 3, 1, 4, 4, 1, 3, 4, 2, 5, 2, 1, 2, 1, 0, 0, 2, 3, 2, 4, 1, 1, 3, 4, 4, 3, 4, 2, 4, 0, 4, 3, 2, 2, 3, 3, 5, 2, 3, 2, 2, 1, 5, 3, 6, 4, 4, 4, 5, 2, 3, 0, 5, 4, 3, 4, 1, 5, 2, 4, 2, 3, 1, 3, 5, 5, 2, 2, 0, 3, 4, 1, 5]
time: 8900.0  number of events in the queue [3, 2, 2, 1, 4, 4, 4, 4, 3, 2, 4, 4, 3, 3, 1, 5, 1, 2, 2, 3, 3, 2, 2, 2, 4, 2, 1, 5, 6, 1, 1, 5, 0, 5, 3, 3, 2, 4, 3, 3, 2, 1, 3, 3, 2, 1, 1, 3, 6, 3, 2, 2, 5, 3, 1, 6, 3, 3, 4, 4, 1, 2, 3, 3, 5, 4, 3, 5, 3, 5, 2, 6, 6, 5, 5, 4, 2, 2, 3, 6, 4, 3, 5, 3, 0, 2, 4, 2, 2, 2, 5, 4, 3, 2, 1, 5, 5, 6, 6, 3]
time: 9000.0  number of events in the queue [0, 4, 4, 1, 3, 4, 2, 6, 3, 5, 6, 3, 4, 2, 3, 4, 3, 4, 3, 5, 3, 4, 4, 3, 6, 3, 4, 4, 3, 3, 4, 5, 1, 4, 6, 3, 3, 4, 5, 6, 2, 2, 5, 6, 3, 5, 2, 6, 4, 4, 3, 5, 4, 4, 4, 2, 3, 4, 4, 3, 3, 2, 5, 2, 4, 3, 6, 3, 7, 2, 2, 5, 6, 3, 5, 2, 5, 1, 4, 3, 5, 5, 4, 3, 4, 4, 5, 2, 3, 4, 5, 4, 3, 5, 4, 5, 5, 3, 5, 2]
time: 9100.0  number of events in the queue [0, 5, 4, 2, 3, 0, 2, 4, 6, 4, 3, 4, 4, 5, 3, 5, 4, 3, 4, 0, 4, 2, 2, 4, 3, 5, 3, 3, 5, 4, 3, 3, 6, 3, 2, 0, 3, 4, 3, 1, 4, 3, 4, 5, 2, 4, 3, 2, 2, 5, 5, 5, 2, 5, 3, 4, 3, 0, 2, 1, 4, 0, 1, 1, 4, 3, 4, 4, 2, 3, 0, 3, 5, 3, 1, 2, 5, 3, 5, 2, 5, 4, 0, 1, 2, 5, 4, 1, 4, 5, 5, 2, 2, 4, 4, 3, 5, 3, 5, 4]
time: 9200.0  number of events in the queue [0, 2, 5, 5, 6, 2, 3, 1, 4, 4, 6, 4, 4, 3, 2, 3, 2, 5, 5, 5, 4, 3, 3, 5, 4, 2, 1, 3, 5, 1, 1, 4, 5, 5, 4, 5, 4, 0, 7, 6, 4, 3, 4, 0, 3, 3, 5, 5, 5, 2, 5, 3, 5, 2, 3, 6, 3, 6, 1, 4, 3, 5, 4, 0, 4, 3, 5, 5, 5, 5, 4, 3, 8, 3, 5, 4, 1, 2, 5, 2, 3, 5, 5, 3, 7, 4, 3, 6, 0, 3, 4, 3, 6, 0, 5, 2, 2, 4, 3, 1]
time: 9300.0  number of events in the queue [4, 6, 0, 5, 3, 2, 3, 4, 3, 1, 3, 4, 3, 0, 5, 4, 4, 3, 3, 4, 6, 5, 3, 2, 2, 5, 4, 4, 2, 3, 4, 4, 2, 4, 2, 4, 4, 3, 0, 4, 2, 3, 5, 0, 5, 5, 5, 5, 2, 3, 3, 3, 3, 3, 5, 2, 4, 4, 2, 5, 5, 1, 4, 2, 4, 4, 5, 3, 4, 4, 5, 2, 3, 4, 5, 5, 3, 2, 0, 4, 2, 5, 1, 2, 1, 5, 2, 6, 4, 4, 6, 2, 4, 2, 5, 0, 6, 2, 2, 1]
time: 9400.0  number of events in the queue [1, 4, 1, 4, 6, 3, 1, 2, 2, 3, 3, 4, 4, 2, 4, 1, 3, 3, 4, 4, 3, 1, 2, 1, 1, 1, 4, 0, 4, 4, 5, 3, 5, 3, 2, 5, 2, 3, 3, 2, 2, 3, 1, 1, 5, 5, 2, 2, 3, 2, 0, 4, 1, 1, 5, 5, 1, 4, 3, 0, 4, 3, 3, 3, 2, 3, 3, 0, 3, 1, 3, 3, 3, 2, 5, 2, 2, 2, 2, 1, 2, 4, 1, 1, 3, 2, 4, 3, 1, 0, 2, 3, 2, 4, 1, 4, 3, 2, 2, 2]
time: 9501.0  number of events in the queue [3, 4, 1, 3, 3, 5, 4, 3, 4, 0, 2, 2, 4, 2, 3, 3, 1, 3, 2, 1, 0, 3, 2, 3, 2, 0, 4, 4, 4, 4, 3, 4, 1, 3, 1, 2, 2, 2, 4, 2, 2, 4, 1, 3, 1, 1, 4, 2, 2, 2, 6, 3, 3, 0, 5, 4, 2, 3, 4, 2, 3, 3, 2, 4, 1, 4, 1, 3, 3, 4, 2, 2, 3, 2, 4, 1, 2, 1, 2, 4, 4, 0, 5, 4, 4, 3, 1, 2, 1, 0, 3, 2, 3, 3, 1, 1, 4, 3, 2, 3]
time: 9601.0  number of events in the queue [4, 1, 5, 4, 2, 0, 3, 4, 3, 4, 2, 3, 2, 2, 5, 1, 2, 4, 2, 0, 3, 1, 2, 1, 0, 3, 4, 3, 5, 4, 3, 2, 5, 3, 2, 4, 1, 4, 4, 1, 4, 0, 2, 1, 2, 0, 2, 5, 1, 1, 1, 5, 4, 1, 5, 1, 3, 4, 2, 4, 1, 3, 5, 0, 2, 4, 3, 2, 2, 2, 5, 4, 6, 4, 6, 4, 1, 2, 2, 3, 1, 4, 2, 2, 3, 2, 0, 3, 3, 0, 0, 1, 2, 2, 5, 3, 3, 1, 1, 2]
time: 9701.0  number of events in the queue [4, 5, 5, 2, 4, 3, 4, 4, 3, 2, 2, 1, 2, 4, 4, 3, 4, 3, 3, 3, 4, 4, 4, 3, 1, 5, 1, 4, 2, 4, 2, 0, 5, 4, 1, 4, 2, 4, 4, 4, 1, 0, 4, 4, 2, 4, 4, 2, 3, 2, 3, 3, 3, 0, 4, 1, 3, 2, 4, 4, 4, 5, 4, 4, 1, 4, 4, 5, 4, 4, 4, 2, 2, 3, 2, 4, 4, 4, 4, 3, 3, 3, 2, 4, 2, 2, 4, 3, 3, 2, 0, 0, 2, 3, 3, 4, 4, 3, 4, 2]
time: 9801.0  number of events in the queue [1, 2, 2, 4, 4, 2, 2, 5, 5, 5, 3, 4, 4, 0, 5, 3, 4, 5, 6, 2, 4, 5, 4, 5, 3, 4, 3, 5, 4, 6, 5, 3, 5, 4, 2, 3, 0, 4, 0, 4, 4, 3, 5, 6, 6, 3, 1, 2, 5, 2, 2, 4, 4, 6, 4, 4, 1, 4, 4, 2, 1, 3, 1, 3, 4, 4, 3, 2, 4, 5, 3, 6, 3, 4, 4, 2, 5, 4, 2, 6, 4, 5, 1, 3, 4, 4, 1, 4, 5, 6, 5, 5, 3, 1, 5, 6, 2, 5, 3, 1]
time: 9901.0  number of events in the queue [2, 5, 4, 4, 3, 3, 0, 2, 6, 4, 3, 5, 1, 3, 6, 2, 5, 2, 3, 3, 3, 4, 5, 6, 5, 5, 2, 5, 3, 1, 6, 4, 3, 2, 4, 4, 3, 6, 3, 2, 2, 5, 3, 3, 2, 4, 5, 5, 1, 4, 2, 5, 2, 5, 4, 4, 2, 3, 1, 4, 3, 4, 2, 3, 4, 3, 5, 1, 3, 0, 4, 5, 6, 3, 4, 5, 6, 5, 3, 4, 3, 5, 4, 4, 1, 3, 5, 5, 5, 4, 4, 4, 4, 6, 5, 5, 3, 3, 5, 4]



