Simulation: 20/11/2022 17:14:31 	n = 100 	lambd = 0.99 	mu = 1 	d = 1 	max_t = 10000 

Average time spent in the system: 5.59958688822826 
Theoretical expectation for random server choice: 99.99999999999991 

time: 100.0  number of events in the queue [3, 4, 3, 3, 7, 4, 3, 2, 3, 4, 2, 4, 2, 0, 4, 4, 5, 7, 3, 6, 6, 0, 2, 4, 6, 6, 2, 5, 5, 6, 6, 3, 6, 2, 2, 2, 1, 5, 3, 4, 5, 2, 6, 5, 6, 6, 3, 6, 4, 3, 5, 2, 4, 3, 4, 3, 4, 4, 6, 3, 4, 6, 4, 4, 4, 4, 2, 4, 4, 0, 4, 2, 4, 2, 4, 6, 6, 2, 3, 5, 3, 5, 2, 6, 2, 3, 0, 0, 4, 3, 3, 3, 5, 4, 5, 4, 2, 3, 4, 3]
time: 200.0  number of events in the queue [4, 7, 2, 2, 7, 5, 5, 5, 5, 6, 0, 5, 5, 2, 6, 3, 2, 5, 6, 4, 5, 5, 5, 4, 4, 5, 3, 4, 3, 4, 1, 4, 2, 2, 6, 6, 4, 6, 5, 3, 5, 6, 3, 5, 1, 7, 6, 3, 6, 5, 6, 4, 3, 6, 6, 2, 6, 4, 4, 1, 3, 4, 6, 6, 2, 6, 6, 7, 3, 5, 3, 5, 4, 4, 4, 1, 4, 5, 6, 0, 2, 6, 5, 3, 4, 6, 5, 4, 6, 5, 5, 5, 6, 4, 4, 3, 7, 7, 5, 5]
time: 300.0  number of events in the queue [6, 2, 5, 6, 4, 5, 8, 5, 5, 6, 7, 4, 6, 8, 6, 1, 5, 3, 5, 7, 7, 6, 7, 5, 6, 7, 5, 7, 5, 5, 5, 6, 5, 6, 1, 4, 5, 5, 7, 8, 6, 6, 5, 7, 5, 7, 5, 2, 6, 4, 4, 5, 6, 4, 3, 5, 6, 6, 5, 3, 3, 6, 5, 5, 6, 3, 1, 4, 6, 7, 2, 6, 3, 6, 5, 5, 7, 8, 2, 6, 5, 6, 3, 5, 7, 4, 2, 6, 6, 4, 7, 7, 3, 7, 3, 3, 4, 4, 1, 4]
time: 400.0  number of events in the queue [6, 7, 7, 9, 5, 7, 9, 8, 6, 4, 0, 3, 5, 8, 3, 4, 2, 7, 4, 6, 8, 7, 5, 8, 9, 3, 8, 6, 9, 6, 7, 4, 6, 8, 7, 5, 9, 9, 4, 5, 6, 6, 7, 7, 6, 8, 4, 6, 8, 8, 8, 7, 8, 6, 7, 8, 9, 3, 6, 6, 8, 5, 6, 9, 6, 8, 5, 7, 5, 3, 6, 7, 7, 4, 7, 5, 7, 8, 4, 5, 8, 8, 6, 7, 6, 6, 5, 3, 7, 7, 9, 5, 4, 8, 4, 7, 6, 2, 6, 3]
time: 500.0  number of events in the queue [4, 5, 4, 4, 6, 3, 6, 7, 3, 4, 5, 6, 4, 4, 4, 7, 5, 6, 4, 5, 6, 6, 6, 8, 5, 6, 5, 4, 6, 3, 3, 6, 5, 6, 7, 4, 4, 5, 6, 8, 6, 4, 5, 5, 5, 6, 7, 6, 4, 2, 3, 7, 2, 3, 7, 4, 4, 5, 9, 5, 6, 5, 6, 3, 5, 7, 4, 5, 6, 2, 4, 6, 4, 5, 1, 1, 6, 7, 5, 2, 6, 1, 6, 1, 7, 7, 6, 5, 5, 2, 6, 7, 7, 7, 3, 1, 5, 3, 4, 6]
time: 600.0  number of events in the queue [5, 5, 8, 3, 8, 8, 6, 6, 5, 7, 8, 7, 5, 5, 6, 8, 5, 5, 1, 6, 4, 7, 6, 7, 7, 6, 6, 6, 5, 6, 6, 7, 4, 4, 3, 5, 1, 3, 5, 7, 6, 5, 4, 4, 4, 5, 6, 6, 8, 6, 5, 5, 5, 5, 7, 4, 4, 0, 7, 7, 6, 7, 5, 8, 4, 5, 8, 5, 9, 6, 5, 6, 4, 4, 5, 7, 6, 6, 7, 6, 7, 4, 7, 6, 8, 8, 4, 6, 8, 2, 5, 6, 8, 5, 7, 3, 5, 7, 5, 7]
time: 700.0  number of events in the queue [8, 8, 4, 9, 6, 6, 6, 8, 1, 8, 6, 6, 5, 6, 6, 6, 8, 8, 7, 6, 7, 7, 4, 7, 7, 5, 7, 6, 7, 8, 7, 7, 8, 6, 4, 8, 8, 8, 3, 6, 5, 4, 7, 5, 6, 8, 6, 6, 8, 8, 7, 9, 6, 4, 5, 8, 7, 7, 8, 8, 6, 8, 9, 7, 3, 8, 8, 7, 7, 7, 3, 7, 6, 5, 8, 7, 4, 7, 8, 4, 3, 4, 7, 5, 8, 6, 8, 7, 7, 1, 6, 7, 8, 7, 4, 7, 7, 8, 6, 4]
time: 800.0  number of events in the queue [9, 9, 3, 9, 7, 7, 7, 7, 8, 7, 7, 7, 9, 7, 7, 8, 10, 8, 8, 9, 6, 7, 3, 6, 4, 8, 6, 8, 9, 6, 10, 6, 8, 6, 4, 6, 6, 8, 6, 6, 7, 7, 8, 6, 9, 8, 9, 6, 7, 7, 6, 8, 8, 9, 6, 7, 8, 6, 3, 6, 3, 10, 8, 6, 8, 7, 5, 8, 6, 8, 6, 8, 5, 7, 6, 0, 7, 7, 6, 10, 8, 8, 8, 10, 2, 7, 7, 7, 6, 10, 6, 7, 7, 6, 8, 4, 6, 4, 5, 9]
time: 900.0  number of events in the queue [9, 7, 9, 8, 10, 8, 8, 9, 10, 9, 9, 10, 7, 5, 6, 8, 10, 8, 7, 8, 11, 7, 8, 9, 9, 10, 9, 7, 12, 10, 7, 8, 4, 9, 9, 7, 7, 6, 9, 8, 8, 10, 10, 10, 8, 8, 10, 9, 7, 11, 7, 8, 8, 6, 11, 7, 9, 7, 8, 11, 9, 9, 4, 9, 8, 10, 9, 9, 9, 9, 10, 10, 7, 9, 9, 6, 7, 10, 6, 3, 8, 5, 9, 10, 10, 10, 10, 8, 9, 8, 8, 9, 5, 10, 9, 7, 11, 9, 9, 5]
time: 1000.0  number of events in the queue [4, 7, 6, 2, 8, 5, 9, 7, 8, 9, 9, 7, 9, 7, 7, 8, 7, 8, 6, 4, 8, 9, 6, 8, 9, 6, 5, 8, 6, 7, 8, 5, 7, 7, 8, 7, 7, 4, 7, 8, 6, 7, 5, 8, 7, 7, 6, 3, 9, 6, 8, 4, 6, 7, 4, 6, 6, 8, 8, 8, 7, 8, 8, 7, 7, 6, 7, 7, 5, 7, 6, 8, 8, 7, 6, 8, 5, 5, 8, 8, 8, 7, 6, 7, 5, 7, 6, 8, 7, 1, 8, 8, 6, 6, 5, 7, 1, 4, 7, 5]
time: 1100.0  number of events in the queue [6, 7, 8, 7, 6, 7, 5, 4, 7, 5, 6, 5, 2, 0, 5, 1, 7, 1, 6, 6, 6, 5, 0, 6, 3, 5, 4, 1, 3, 2, 5, 6, 6, 7, 4, 3, 4, 5, 2, 3, 5, 5, 6, 4, 6, 1, 7, 4, 5, 7, 3, 7, 1, 1, 3, 5, 5, 4, 6, 5, 6, 5, 3, 6, 3, 6, 6, 7, 5, 5, 5, 5, 5, 3, 5, 2, 4, 6, 6, 6, 7, 3, 4, 4, 7, 7, 4, 5, 6, 7, 5, 7, 4, 0, 6, 3, 5, 3, 7, 6]
time: 1200.0  number of events in the queue [4, 3, 7, 6, 6, 4, 7, 7, 5, 7, 7, 6, 7, 7, 5, 7, 6, 6, 5, 1, 6, 5, 4, 6, 2, 5, 3, 7, 4, 5, 4, 6, 6, 3, 5, 3, 7, 3, 6, 6, 5, 7, 4, 6, 3, 7, 6, 6, 5, 2, 7, 5, 8, 5, 8, 7, 4, 6, 5, 2, 6, 7, 8, 6, 2, 4, 4, 8, 4, 4, 4, 7, 5, 4, 2, 5, 3, 4, 7, 7, 7, 1, 5, 6, 6, 5, 7, 3, 2, 4, 7, 5, 4, 4, 6, 3, 3, 4, 7, 7]
time: 1300.0  number of events in the queue [4, 4, 5, 1, 2, 5, 7, 2, 6, 3, 5, 4, 5, 4, 3, 3, 5, 6, 2, 2, 6, 4, 4, 5, 6, 4, 4, 3, 5, 5, 6, 4, 3, 5, 1, 5, 2, 3, 6, 4, 4, 4, 5, 4, 6, 4, 6, 6, 4, 4, 3, 6, 6, 6, 3, 5, 4, 2, 3, 4, 4, 4, 1, 3, 4, 4, 4, 1, 1, 5, 7, 7, 7, 5, 5, 4, 7, 4, 6, 3, 5, 4, 6, 5, 3, 7, 3, 0, 4, 5, 6, 4, 6, 5, 4, 5, 0, 6, 1, 2]
time: 1400.0  number of events in the queue [4, 2, 5, 5, 7, 7, 3, 5, 7, 5, 8, 6, 4, 7, 3, 5, 6, 3, 5, 7, 4, 3, 6, 0, 6, 5, 5, 6, 1, 5, 3, 5, 5, 0, 6, 2, 5, 1, 5, 4, 7, 2, 7, 5, 5, 7, 6, 2, 5, 3, 4, 5, 6, 1, 6, 7, 7, 7, 2, 7, 4, 1, 2, 1, 4, 4, 4, 6, 6, 6, 5, 1, 4, 1, 5, 6, 5, 5, 6, 7, 6, 4, 2, 0, 8, 6, 7, 6, 4, 5, 4, 9, 7, 4, 3, 7, 5, 8, 5, 4]
time: 1500.0  number of events in the queue [4, 8, 8, 7, 1, 9, 7, 7, 9, 10, 6, 6, 8, 7, 5, 7, 7, 6, 9, 8, 8, 9, 7, 4, 8, 10, 9, 9, 6, 2, 8, 9, 4, 10, 5, 8, 7, 5, 7, 8, 9, 9, 8, 8, 2, 9, 8, 7, 7, 8, 5, 7, 1, 10, 7, 8, 8, 5, 6, 6, 9, 6, 9, 8, 6, 9, 8, 9, 7, 8, 3, 9, 10, 8, 6, 9, 4, 7, 9, 7, 9, 8, 9, 1, 8, 9, 7, 5, 5, 6, 9, 7, 5, 8, 7, 8, 9, 9, 6, 8]
time: 1600.0  number of events in the queue [9, 7, 8, 9, 9, 4, 4, 6, 7, 7, 8, 4, 5, 5, 8, 8, 10, 7, 7, 7, 6, 7, 5, 7, 9, 8, 5, 4, 6, 8, 6, 7, 4, 4, 3, 9, 9, 4, 5, 6, 7, 8, 4, 7, 6, 7, 7, 7, 7, 5, 4, 8, 7, 5, 8, 8, 5, 4, 9, 6, 7, 6, 8, 6, 6, 5, 9, 8, 7, 9, 8, 9, 8, 8, 7, 7, 8, 8, 8, 4, 9, 9, 7, 5, 7, 0, 8, 9, 8, 9, 6, 7, 8, 8, 8, 7, 4, 8, 9, 5]
time: 1700.0  number of events in the queue [6, 8, 9, 9, 6, 6, 9, 7, 7, 9, 7, 6, 8, 9, 9, 9, 9, 9, 6, 7, 8, 6, 9, 4, 6, 11, 8, 8, 9, 3, 10, 9, 9, 4, 9, 7, 11, 9, 8, 9, 7, 9, 9, 9, 9, 9, 8, 8, 9, 6, 8, 6, 9, 11, 8, 9, 10, 7, 7, 11, 4, 7, 6, 8, 10, 8, 7, 9, 9, 11, 7, 9, 8, 9, 10, 8, 11, 9, 7, 9, 8, 9, 8, 8, 8, 12, 9, 9, 8, 7, 10, 11, 5, 10, 5, 10, 8, 8, 8, 8]
time: 1800.0  number of events in the queue [10, 10, 8, 12, 8, 5, 11, 6, 11, 6, 7, 8, 10, 10, 8, 9, 5, 9, 8, 9, 11, 8, 6, 10, 11, 7, 4, 10, 11, 9, 11, 9, 11, 9, 8, 8, 6, 11, 10, 10, 10, 8, 10, 12, 8, 8, 9, 7, 9, 7, 8, 11, 11, 9, 5, 9, 5, 10, 7, 10, 10, 8, 10, 10, 9, 11, 11, 6, 10, 7, 11, 8, 9, 8, 11, 8, 11, 11, 10, 9, 12, 11, 9, 9, 9, 9, 9, 11, 7, 9, 10, 8, 3, 11, 10, 8, 9, 10, 5, 9]
time: 1900.0  number of events in the queue [6, 5, 7, 7, 6, 5, 5, 7, 7, 4, 4, 7, 7, 6, 8, 5, 6, 7, 5, 7, 7, 8, 8, 7, 6, 6, 8, 8, 7, 7, 8, 6, 5, 5, 5, 7, 7, 8, 7, 6, 6, 5, 5, 3, 6, 6, 5, 5, 6, 6, 8, 4, 5, 7, 8, 5, 9, 5, 7, 7, 6, 6, 8, 7, 7, 8, 4, 7, 6, 7, 7, 7, 8, 7, 9, 7, 6, 9, 8, 6, 7, 5, 6, 9, 8, 6, 4, 6, 6, 8, 7, 3, 6, 7, 8, 6, 6, 7, 6, 8]
time: 2000.0  number of events in the queue [3, 3, 6, 7, 7, 2, 5, 2, 6, 5, 5, 6, 6, 7, 6, 8, 4, 5, 5, 7, 5, 6, 4, 6, 7, 2, 5, 7, 7, 2, 5, 6, 7, 7, 3, 5, 5, 4, 5, 6, 8, 8, 7, 6, 6, 3, 6, 5, 3, 8, 4, 6, 6, 7, 4, 8, 5, 4, 0, 4, 6, 5, 6, 6, 5, 6, 6, 7, 5, 6, 6, 8, 4, 5, 4, 5, 3, 6, 6, 6, 7, 5, 6, 1, 2, 5, 6, 5, 4, 5, 3, 6, 4, 6, 7, 4, 3, 4, 5, 4]
time: 2100.0  number of events in the queue [10, 10, 7, 7, 9, 7, 9, 9, 10, 10, 9, 3, 6, 9, 6, 9, 6, 8, 9, 7, 8, 9, 6, 9, 9, 6, 9, 7, 7, 6, 7, 9, 8, 7, 7, 10, 8, 5, 8, 10, 9, 8, 7, 2, 9, 10, 4, 8, 2, 8, 5, 8, 7, 9, 6, 7, 7, 2, 6, 9, 8, 10, 9, 10, 8, 9, 5, 5, 8, 8, 8, 5, 10, 9, 8, 9, 2, 9, 5, 10, 9, 7, 8, 9, 7, 9, 8, 9, 7, 9, 7, 10, 10, 6, 8, 6, 7, 7, 9, 9]
time: 2200.0  number of events in the queue [8, 4, 7, 9, 5, 8, 4, 7, 7, 8, 3, 8, 8, 7, 8, 6, 7, 6, 3, 6, 7, 8, 7, 7, 3, 9, 3, 8, 7, 7, 8, 7, 3, 8, 7, 6, 4, 8, 7, 6, 6, 7, 3, 7, 7, 6, 5, 7, 6, 6, 5, 5, 6, 5, 7, 7, 8, 6, 8, 5, 8, 5, 6, 5, 2, 7, 3, 7, 6, 7, 7, 8, 4, 8, 5, 6, 7, 7, 5, 7, 6, 6, 8, 4, 3, 6, 8, 3, 6, 7, 9, 8, 8, 2, 5, 8, 4, 8, 7, 3]
time: 2300.0  number of events in the queue [4, 9, 7, 9, 2, 8, 8, 7, 5, 6, 4, 9, 8, 6, 3, 2, 6, 9, 8, 7, 9, 9, 6, 6, 6, 7, 3, 2, 8, 4, 7, 7, 2, 7, 6, 6, 6, 4, 0, 6, 7, 8, 5, 8, 5, 7, 2, 6, 9, 9, 3, 6, 6, 2, 0, 7, 6, 5, 9, 8, 3, 4, 8, 5, 8, 8, 6, 5, 5, 8, 8, 6, 7, 8, 8, 7, 5, 4, 7, 4, 9, 5, 5, 6, 4, 7, 7, 9, 8, 5, 7, 6, 8, 9, 8, 5, 8, 9, 5, 5]
time: 2400.0  number of events in the queue [3, 7, 3, 4, 8, 4, 3, 7, 5, 2, 7, 5, 4, 4, 4, 5, 6, 6, 7, 8, 6, 4, 1, 6, 6, 4, 6, 6, 1, 5, 8, 5, 5, 3, 3, 4, 1, 2, 5, 6, 2, 4, 7, 7, 5, 5, 3, 4, 5, 7, 8, 6, 6, 3, 6, 6, 5, 7, 7, 5, 5, 6, 7, 4, 6, 2, 4, 5, 6, 4, 4, 6, 6, 5, 7, 3, 7, 5, 5, 6, 5, 6, 5, 7, 8, 2, 5, 6, 7, 6, 3, 5, 5, 6, 6, 6, 5, 6, 6, 8]
time: 2500.0  number of events in the queue [4, 2, 7, 6, 6, 6, 1, 7, 6, 4, 6, 7, 6, 8, 4, 5, 5, 6, 3, 6, 2, 7, 6, 5, 5, 3, 7, 3, 1, 5, 6, 2, 5, 6, 6, 5, 5, 1, 7, 6, 6, 2, 4, 6, 6, 3, 4, 3, 4, 6, 3, 2, 5, 5, 2, 4, 7, 5, 4, 7, 6, 4, 7, 5, 5, 7, 6, 6, 6, 5, 0, 4, 5, 5, 6, 5, 6, 5, 8, 4, 5, 2, 6, 5, 6, 5, 7, 1, 0, 6, 5, 3, 6, 5, 7, 4, 3, 5, 5, 6]
time: 2600.0  number of events in the queue [8, 5, 5, 6, 4, 8, 6, 5, 7, 6, 5, 3, 6, 0, 7, 7, 5, 2, 9, 5, 1, 8, 5, 5, 5, 5, 4, 7, 2, 3, 6, 6, 3, 5, 6, 3, 6, 6, 6, 1, 1, 7, 3, 0, 6, 6, 7, 4, 5, 6, 4, 3, 3, 7, 6, 3, 3, 6, 7, 6, 6, 6, 5, 5, 6, 6, 5, 4, 5, 7, 3, 7, 2, 6, 6, 5, 5, 2, 7, 6, 7, 3, 7, 5, 6, 7, 4, 3, 6, 6, 3, 7, 6, 6, 6, 8, 5, 6, 5, 6]
time: 2700.0  number of events in the queue [4, 6, 4, 6, 5, 5, 6, 3, 5, 5, 7, 7, 7, 5, 4, 7, 8, 5, 6, 6, 4, 3, 4, 3, 7, 7, 5, 4, 2, 3, 7, 5, 4, 5, 2, 5, 6, 7, 5, 4, 6, 3, 7, 4, 4, 6, 4, 5, 3, 1, 6, 5, 3, 0, 2, 6, 7, 7, 8, 5, 8, 6, 5, 3, 6, 6, 2, 7, 5, 7, 6, 9, 7, 7, 7, 4, 4, 5, 5, 6, 4, 3, 7, 6, 6, 0, 5, 5, 3, 5, 4, 4, 3, 2, 5, 5, 5, 5, 6, 5]
time: 2800.0  number of events in the queue [7, 8, 5, 6, 3, 7, 5, 6, 6, 8, 6, 8, 4, 5, 5, 2, 5, 6, 5, 8, 3, 6, 6, 5, 7, 3, 3, 3, 8, 6, 6, 3, 7, 6, 5, 6, 6, 8, 6, 2, 1, 6, 6, 8, 5, 3, 7, 8, 6, 5, 6, 5, 7, 7, 6, 3, 4, 7, 5, 7, 5, 6, 6, 5, 7, 7, 8, 5, 6, 7, 2, 5, 6, 8, 6, 7, 6, 4, 4, 5, 7, 5, 4, 4, 2, 7, 7, 6, 6, 6, 5, 7, 1, 6, 7, 3, 7, 6, 8, 6]
time: 2900.0  number of events in the queue [6, 4, 3, 5, 4, 6, 6, 2, 6, 3, 3, 8, 2, 2, 5, 6, 6, 5, 6, 1, 6, 7, 8, 3, 5, 6, 4, 4, 6, 9, 4, 7, 6, 1, 8, 6, 6, 5, 4, 4, 8, 5, 7, 8, 7, 3, 2, 4, 8, 5, 9, 7, 5, 7, 4, 2, 5, 7, 7, 4, 1, 7, 7, 5, 0, 5, 3, 7, 8, 3, 5, 4, 7, 8, 8, 7, 5, 6, 4, 6, 7, 7, 4, 8, 5, 6, 3, 8, 6, 7, 7, 5, 7, 4, 6, 5, 6, 7, 5, 8]
time: 3000.0  number of events in the queue [7, 5, 7, 5, 5, 4, 4, 6, 6, 3, 7, 4, 4, 1, 6, 5, 7, 7, 4, 5, 5, 7, 6, 3, 6, 1, 4, 6, 5, 6, 5, 6, 2, 2, 6, 6, 2, 7, 5, 8, 6, 4, 6, 7, 6, 5, 7, 3, 4, 0, 7, 6, 7, 0, 5, 6, 3, 2, 5, 5, 5, 5, 8, 5, 5, 1, 7, 6, 4, 7, 5, 6, 6, 7, 5, 3, 6, 7, 5, 6, 7, 1, 5, 4, 5, 6, 3, 3, 8, 4, 5, 7, 5, 5, 2, 5, 6, 6, 6, 7]
time: 3100.0  number of events in the queue [6, 5, 5, 6, 5, 5, 3, 6, 5, 4, 4, 4, 7, 5, 5, 6, 0, 3, 7, 6, 4, 7, 6, 6, 6, 6, 3, 5, 3, 3, 6, 7, 5, 6, 6, 5, 7, 4, 5, 5, 6, 4, 7, 3, 5, 3, 6, 3, 5, 3, 7, 6, 6, 3, 6, 7, 4, 4, 6, 5, 5, 5, 6, 5, 3, 7, 5, 7, 7, 7, 7, 5, 2, 2, 5, 3, 5, 3, 6, 5, 7, 5, 5, 7, 6, 6, 7, 2, 4, 6, 6, 7, 7, 4, 5, 4, 1, 7, 4, 6]
time: 3200.0  number of events in the queue [6, 6, 6, 6, 5, 6, 7, 3, 7, 7, 6, 8, 7, 4, 5, 7, 6, 5, 6, 3, 4, 2, 4, 4, 7, 3, 2, 3, 8, 4, 5, 2, 6, 6, 6, 3, 6, 4, 5, 6, 7, 4, 4, 5, 6, 5, 7, 5, 4, 0, 7, 6, 6, 7, 7, 2, 3, 2, 5, 6, 5, 3, 5, 7, 6, 7, 5, 5, 7, 6, 4, 3, 4, 7, 5, 1, 6, 6, 6, 5, 3, 7, 4, 5, 6, 5, 3, 6, 7, 5, 7, 6, 6, 2, 4, 7, 2, 6, 6, 6]
time: 3300.0  number of events in the queue [1, 5, 5, 5, 6, 6, 5, 5, 6, 7, 2, 3, 5, 6, 5, 6, 7, 5, 6, 5, 4, 3, 6, 4, 8, 2, 8, 6, 7, 7, 5, 5, 4, 2, 4, 6, 4, 6, 4, 5, 7, 3, 7, 7, 5, 3, 4, 5, 6, 3, 5, 4, 7, 6, 7, 5, 2, 5, 5, 6, 6, 7, 6, 7, 5, 5, 3, 6, 7, 3, 5, 6, 4, 8, 4, 6, 5, 2, 7, 7, 6, 6, 4, 8, 4, 3, 1, 5, 5, 6, 4, 5, 6, 6, 8, 6, 5, 7, 6, 6]
time: 3400.0  number of events in the queue [6, 5, 6, 7, 6, 8, 8, 8, 7, 8, 6, 6, 8, 0, 4, 6, 8, 0, 7, 4, 2, 7, 7, 7, 6, 8, 3, 8, 5, 9, 6, 8, 2, 9, 8, 8, 4, 7, 7, 9, 8, 5, 8, 7, 8, 6, 7, 8, 7, 8, 9, 3, 4, 5, 5, 6, 3, 7, 6, 6, 8, 6, 8, 4, 7, 8, 6, 6, 3, 7, 1, 6, 6, 7, 6, 8, 6, 6, 8, 7, 4, 8, 6, 7, 7, 1, 8, 6, 8, 7, 6, 7, 5, 3, 8, 7, 7, 7, 6, 5]
time: 3500.0  number of events in the queue [5, 4, 5, 0, 3, 6, 6, 6, 5, 3, 5, 4, 2, 4, 6, 1, 6, 2, 5, 4, 5, 5, 6, 5, 7, 2, 4, 6, 4, 5, 2, 6, 5, 5, 3, 4, 6, 7, 4, 4, 4, 5, 2, 6, 2, 5, 4, 4, 6, 1, 4, 5, 2, 5, 2, 5, 0, 5, 0, 3, 6, 5, 5, 2, 7, 4, 7, 2, 6, 6, 4, 2, 3, 5, 2, 2, 5, 1, 4, 4, 5, 7, 4, 5, 5, 5, 2, 4, 6, 1, 2, 4, 2, 4, 2, 5, 3, 3, 5, 5]
time: 3600.0  number of events in the queue [5, 6, 2, 4, 6, 5, 6, 3, 4, 5, 4, 6, 7, 3, 4, 6, 3, 4, 4, 5, 4, 7, 1, 5, 4, 4, 5, 5, 5, 5, 5, 4, 4, 2, 4, 6, 6, 5, 5, 6, 2, 3, 5, 5, 4, 2, 3, 6, 4, 4, 5, 3, 6, 0, 4, 5, 6, 5, 5, 5, 4, 6, 5, 4, 4, 3, 2, 7, 5, 3, 5, 5, 3, 6, 1, 2, 3, 6, 6, 3, 4, 4, 3, 5, 4, 6, 7, 6, 5, 7, 3, 4, 4, 4, 6, 3, 3, 3, 0, 2]
time: 3700.0  number of events in the queue [6, 1, 5, 6, 4, 5, 3, 6, 5, 6, 3, 4, 6, 5, 6, 5, 6, 7, 4, 7, 4, 5, 4, 5, 5, 6, 1, 6, 6, 0, 6, 2, 4, 2, 4, 4, 4, 6, 4, 5, 4, 6, 5, 5, 3, 4, 3, 5, 6, 7, 5, 6, 4, 3, 4, 5, 6, 6, 5, 6, 2, 5, 0, 1, 6, 5, 4, 4, 1, 5, 6, 1, 2, 7, 0, 7, 3, 0, 5, 6, 4, 5, 3, 4, 4, 4, 2, 0, 5, 3, 3, 4, 7, 4, 4, 5, 5, 5, 4, 5]
time: 3800.0  number of events in the queue [5, 5, 3, 6, 3, 4, 6, 3, 4, 2, 3, 4, 3, 4, 4, 1, 5, 2, 5, 4, 2, 5, 6, 2, 4, 2, 2, 5, 2, 7, 6, 6, 1, 5, 4, 3, 3, 5, 4, 6, 6, 5, 5, 5, 5, 3, 3, 5, 1, 6, 6, 6, 6, 6, 7, 4, 6, 4, 3, 4, 5, 6, 4, 3, 4, 5, 4, 2, 1, 7, 2, 2, 1, 6, 6, 4, 6, 6, 4, 7, 3, 4, 6, 6, 4, 1, 5, 4, 3, 4, 5, 4, 4, 5, 5, 7, 6, 2, 6, 6]
time: 3900.0  number of events in the queue [7, 5, 3, 6, 2, 5, 5, 4, 3, 5, 6, 4, 6, 6, 7, 4, 4, 1, 7, 6, 5, 3, 6, 6, 3, 7, 6, 2, 6, 5, 6, 6, 5, 6, 5, 4, 1, 7, 3, 4, 5, 6, 5, 4, 6, 6, 6, 5, 7, 6, 8, 2, 7, 5, 4, 5, 5, 7, 7, 7, 4, 3, 5, 7, 8, 8, 5, 9, 7, 7, 6, 5, 8, 6, 9, 7, 8, 8, 4, 7, 4, 2, 4, 5, 5, 1, 7, 3, 2, 9, 7, 1, 7, 3, 4, 5, 5, 6, 9, 2]
time: 4000.0  number of events in the queue [6, 5, 5, 6, 7, 7, 7, 5, 5, 6, 4, 6, 6, 5, 6, 6, 2, 5, 5, 6, 3, 4, 8, 6, 6, 6, 8, 4, 7, 5, 5, 6, 7, 7, 5, 7, 5, 6, 3, 7, 5, 6, 7, 6, 6, 7, 7, 2, 7, 4, 7, 6, 7, 6, 7, 7, 5, 6, 8, 6, 7, 5, 6, 7, 7, 7, 8, 7, 5, 8, 4, 7, 0, 4, 7, 6, 7, 4, 6, 7, 6, 7, 5, 3, 7, 2, 5, 6, 0, 7, 8, 2, 8, 6, 8, 6, 8, 5, 6, 5]
time: 4100.0  number of events in the queue [7, 7, 3, 5, 2, 5, 5, 9, 6, 5, 5, 7, 6, 3, 7, 4, 7, 6, 5, 5, 4, 7, 8, 6, 6, 5, 4, 6, 1, 7, 3, 4, 6, 6, 8, 8, 6, 8, 3, 5, 6, 4, 9, 7, 2, 7, 5, 8, 9, 5, 4, 8, 6, 4, 0, 7, 0, 2, 4, 5, 4, 8, 7, 6, 4, 4, 8, 6, 5, 5, 7, 6, 4, 8, 2, 2, 6, 7, 4, 6, 4, 5, 6, 6, 9, 0, 7, 9, 3, 7, 6, 0, 3, 5, 5, 7, 6, 6, 7, 7]
time: 4200.0  number of events in the queue [8, 7, 5, 6, 7, 6, 6, 3, 2, 4, 6, 3, 8, 8, 7, 1, 6, 6, 6, 3, 4, 6, 7, 3, 8, 7, 8, 7, 7, 8, 5, 6, 5, 6, 3, 9, 7, 7, 8, 0, 4, 2, 7, 5, 10, 6, 6, 7, 7, 8, 7, 6, 7, 8, 5, 7, 5, 1, 5, 6, 5, 4, 3, 7, 2, 4, 8, 7, 5, 6, 6, 8, 4, 7, 7, 6, 7, 1, 4, 8, 6, 6, 6, 7, 7, 7, 5, 6, 2, 5, 6, 4, 8, 6, 7, 8, 4, 7, 8, 8]
time: 4300.0  number of events in the queue [8, 2, 8, 7, 6, 8, 9, 7, 5, 2, 9, 9, 7, 7, 10, 6, 4, 8, 8, 8, 8, 9, 8, 8, 8, 8, 9, 8, 8, 7, 6, 9, 6, 8, 8, 4, 7, 10, 4, 9, 8, 6, 9, 9, 10, 7, 8, 8, 8, 7, 5, 7, 8, 7, 4, 6, 5, 6, 8, 6, 10, 6, 7, 9, 2, 7, 9, 10, 8, 3, 5, 7, 10, 8, 8, 2, 8, 9, 7, 9, 6, 7, 5, 7, 5, 7, 8, 8, 6, 8, 8, 6, 9, 5, 8, 8, 8, 5, 9, 3]
time: 4400.0  number of events in the queue [6, 5, 0, 6, 5, 7, 5, 5, 5, 5, 5, 4, 6, 3, 5, 7, 5, 5, 4, 4, 6, 2, 7, 5, 5, 4, 4, 4, 3, 5, 6, 3, 6, 3, 6, 5, 5, 4, 5, 6, 4, 5, 7, 6, 3, 2, 2, 6, 3, 7, 0, 6, 6, 4, 6, 5, 5, 5, 5, 6, 5, 4, 4, 4, 5, 4, 7, 6, 4, 4, 7, 6, 7, 3, 6, 4, 5, 2, 5, 7, 3, 2, 4, 3, 6, 1, 2, 4, 1, 3, 6, 4, 4, 4, 3, 3, 6, 4, 6, 4]
time: 4500.0  number of events in the queue [6, 4, 6, 7, 5, 3, 6, 8, 7, 5, 2, 3, 4, 6, 7, 6, 7, 7, 6, 0, 4, 2, 6, 4, 7, 7, 5, 4, 7, 7, 5, 6, 1, 2, 6, 6, 6, 5, 6, 3, 5, 7, 4, 3, 6, 6, 6, 8, 5, 8, 9, 4, 7, 6, 3, 5, 8, 7, 5, 2, 6, 6, 3, 8, 1, 6, 7, 6, 7, 0, 7, 4, 6, 8, 5, 9, 7, 3, 8, 5, 2, 9, 7, 7, 9, 7, 6, 7, 6, 7, 6, 8, 8, 5, 6, 6, 8, 6, 5, 5]
time: 4600.0  number of events in the queue [3, 3, 3, 6, 6, 3, 4, 3, 0, 2, 6, 4, 6, 3, 6, 6, 4, 7, 6, 5, 3, 3, 7, 3, 2, 6, 6, 3, 7, 3, 5, 4, 5, 6, 5, 4, 4, 6, 5, 5, 6, 5, 6, 5, 5, 5, 4, 6, 6, 4, 5, 3, 4, 5, 4, 5, 7, 4, 5, 5, 5, 6, 4, 4, 6, 1, 6, 7, 5, 5, 7, 5, 1, 5, 5, 4, 6, 5, 5, 2, 2, 1, 6, 5, 6, 4, 4, 5, 3, 3, 2, 3, 6, 6, 6, 3, 4, 0, 3, 5]
time: 4700.0  number of events in the queue [3, 7, 1, 5, 6, 6, 1, 0, 7, 6, 3, 2, 5, 5, 1, 5, 6, 7, 5, 6, 6, 5, 4, 7, 6, 0, 6, 6, 3, 6, 3, 4, 3, 6, 8, 4, 3, 5, 4, 6, 4, 4, 1, 7, 4, 5, 6, 3, 3, 5, 5, 7, 3, 5, 5, 6, 3, 6, 6, 6, 1, 6, 5, 6, 6, 6, 6, 4, 4, 5, 4, 6, 3, 6, 0, 4, 5, 5, 4, 7, 5, 4, 7, 2, 6, 5, 7, 6, 6, 2, 1, 5, 6, 7, 6, 5, 6, 7, 4, 5]
time: 4800.0  number of events in the queue [6, 6, 6, 5, 6, 7, 3, 7, 7, 2, 7, 4, 7, 8, 8, 4, 7, 1, 5, 6, 6, 5, 6, 5, 7, 8, 3, 6, 3, 8, 7, 6, 4, 6, 3, 4, 6, 6, 4, 3, 7, 4, 7, 7, 8, 2, 7, 5, 5, 8, 7, 5, 6, 5, 7, 8, 4, 4, 6, 6, 6, 7, 7, 6, 3, 7, 3, 6, 4, 7, 5, 8, 6, 6, 7, 6, 7, 2, 7, 5, 6, 7, 6, 8, 5, 7, 7, 5, 7, 7, 5, 6, 7, 6, 4, 6, 7, 0, 6, 8]
time: 4900.0  number of events in the queue [5, 9, 5, 5, 9, 5, 9, 9, 9, 10, 9, 9, 7, 5, 9, 7, 5, 8, 6, 7, 9, 6, 8, 9, 7, 9, 7, 6, 8, 7, 6, 7, 8, 9, 4, 8, 8, 3, 2, 8, 8, 8, 7, 6, 8, 10, 9, 6, 8, 9, 9, 8, 7, 6, 7, 8, 0, 10, 6, 8, 6, 7, 9, 7, 9, 8, 9, 8, 7, 8, 7, 9, 7, 9, 8, 4, 8, 3, 7, 5, 9, 9, 9, 8, 6, 7, 8, 0, 5, 8, 7, 11, 9, 5, 6, 9, 7, 6, 7, 7]
time: 5000.0  number of events in the queue [6, 8, 7, 7, 6, 8, 8, 8, 5, 10, 9, 0, 4, 9, 6, 5, 9, 8, 7, 6, 8, 9, 4, 4, 9, 5, 6, 6, 7, 9, 7, 11, 10, 7, 9, 8, 9, 9, 10, 7, 6, 9, 9, 9, 8, 9, 8, 9, 9, 5, 8, 5, 8, 7, 9, 7, 6, 8, 5, 5, 8, 7, 10, 7, 6, 7, 6, 9, 5, 8, 3, 9, 7, 5, 9, 7, 7, 5, 6, 9, 8, 8, 5, 4, 10, 8, 9, 8, 8, 9, 5, 8, 9, 7, 6, 7, 9, 7, 5, 9]
time: 5100.0  number of events in the queue [2, 4, 5, 4, 4, 7, 5, 4, 5, 3, 3, 4, 3, 4, 6, 6, 4, 3, 4, 3, 5, 7, 5, 4, 4, 5, 5, 2, 3, 4, 4, 3, 2, 4, 4, 5, 4, 3, 5, 3, 4, 7, 5, 1, 5, 5, 1, 6, 2, 5, 4, 5, 5, 4, 0, 3, 5, 4, 6, 4, 1, 6, 1, 6, 3, 5, 7, 3, 2, 4, 4, 5, 5, 3, 3, 5, 2, 7, 6, 3, 4, 6, 6, 2, 1, 5, 2, 5, 4, 4, 5, 4, 5, 5, 7, 6, 5, 5, 7, 6]
time: 5200.0  number of events in the queue [6, 5, 4, 4, 5, 4, 2, 3, 3, 2, 4, 3, 7, 5, 3, 5, 5, 4, 3, 2, 6, 7, 3, 5, 5, 3, 3, 5, 3, 3, 2, 6, 7, 5, 3, 3, 5, 7, 3, 2, 6, 3, 6, 8, 5, 6, 6, 5, 8, 5, 6, 0, 5, 6, 1, 6, 7, 5, 6, 5, 3, 3, 4, 6, 4, 5, 4, 6, 3, 5, 4, 0, 7, 4, 5, 5, 6, 2, 7, 3, 4, 2, 7, 4, 7, 5, 1, 2, 0, 3, 3, 5, 5, 5, 7, 4, 4, 3, 6, 4]
time: 5300.0  number of events in the queue [6, 7, 5, 7, 4, 4, 4, 6, 3, 7, 7, 6, 3, 8, 6, 8, 6, 8, 4, 7, 7, 6, 6, 6, 7, 3, 5, 6, 7, 1, 0, 7, 5, 6, 7, 4, 7, 9, 2, 4, 6, 6, 4, 7, 5, 8, 8, 5, 7, 4, 10, 6, 6, 5, 5, 5, 6, 7, 4, 2, 5, 5, 6, 5, 7, 8, 1, 7, 5, 7, 2, 7, 4, 6, 4, 6, 7, 8, 8, 7, 6, 7, 2, 5, 7, 6, 5, 2, 7, 7, 7, 6, 4, 6, 2, 8, 5, 4, 4, 6]
time: 5400.0  number of events in the queue [9, 8, 3, 7, 9, 5, 8, 9, 7, 6, 6, 8, 8, 7, 7, 6, 7, 7, 7, 2, 6, 6, 9, 8, 7, 9, 0, 7, 7, 5, 8, 4, 7, 6, 6, 8, 7, 10, 6, 8, 8, 6, 4, 5, 8, 8, 7, 7, 8, 7, 7, 8, 8, 5, 8, 7, 6, 8, 9, 7, 8, 7, 9, 7, 6, 6, 8, 4, 5, 7, 8, 9, 5, 6, 9, 8, 7, 4, 9, 7, 8, 7, 7, 8, 7, 9, 10, 7, 9, 7, 7, 9, 8, 7, 6, 8, 8, 1, 8, 7]
time: 5500.0  number of events in the queue [3, 9, 6, 6, 7, 8, 7, 6, 4, 6, 6, 8, 8, 7, 5, 8, 6, 7, 5, 7, 5, 8, 6, 8, 7, 6, 5, 4, 6, 9, 7, 9, 6, 9, 8, 4, 9, 9, 7, 8, 7, 5, 5, 7, 7, 10, 9, 7, 8, 4, 5, 8, 8, 8, 9, 9, 6, 4, 4, 6, 6, 9, 4, 0, 7, 9, 5, 5, 8, 4, 7, 6, 5, 8, 7, 7, 6, 6, 7, 7, 5, 7, 5, 8, 8, 8, 6, 8, 4, 7, 8, 6, 7, 7, 3, 7, 6, 7, 6, 8]
time: 5600.0  number of events in the queue [5, 6, 5, 3, 3, 3, 6, 2, 5, 7, 1, 3, 7, 0, 4, 5, 7, 7, 5, 1, 6, 7, 7, 7, 8, 6, 7, 7, 5, 3, 7, 6, 6, 6, 6, 7, 5, 8, 6, 5, 6, 6, 3, 3, 7, 4, 8, 6, 6, 4, 6, 2, 6, 5, 5, 2, 4, 5, 6, 6, 4, 5, 6, 3, 6, 4, 4, 3, 6, 5, 6, 6, 5, 6, 2, 4, 3, 6, 4, 4, 6, 3, 6, 4, 5, 4, 7, 6, 4, 7, 5, 6, 4, 7, 4, 6, 7, 6, 8, 8]
time: 5700.0  number of events in the queue [4, 2, 5, 5, 4, 6, 2, 5, 4, 5, 4, 3, 5, 3, 1, 6, 7, 3, 5, 4, 4, 5, 3, 1, 2, 5, 6, 4, 6, 3, 6, 3, 4, 6, 6, 2, 3, 3, 3, 5, 4, 3, 3, 3, 3, 4, 4, 5, 6, 4, 6, 1, 4, 6, 3, 3, 4, 6, 1, 1, 4, 3, 6, 0, 3, 5, 5, 6, 5, 4, 6, 4, 2, 2, 5, 4, 3, 0, 4, 3, 4, 5, 2, 4, 5, 4, 7, 5, 5, 6, 1, 4, 5, 4, 1, 4, 3, 5, 5, 4]
time: 5800.0  number of events in the queue [5, 5, 1, 6, 3, 1, 3, 3, 4, 5, 7, 4, 3, 3, 3, 3, 6, 4, 5, 1, 5, 6, 4, 2, 0, 4, 1, 2, 0, 6, 3, 4, 4, 2, 4, 3, 5, 5, 6, 3, 4, 4, 3, 2, 5, 5, 5, 5, 5, 2, 4, 4, 1, 5, 3, 3, 4, 5, 1, 5, 3, 5, 3, 5, 5, 5, 4, 4, 0, 6, 4, 2, 3, 5, 5, 5, 5, 1, 4, 5, 5, 4, 5, 3, 2, 4, 3, 3, 5, 0, 4, 3, 3, 4, 1, 3, 4, 5, 5, 4]
time: 5900.0  number of events in the queue [4, 5, 6, 5, 4, 5, 5, 8, 5, 3, 7, 7, 7, 6, 7, 6, 3, 4, 6, 7, 4, 4, 8, 6, 3, 6, 4, 8, 3, 4, 5, 3, 6, 4, 6, 4, 6, 3, 6, 4, 3, 5, 5, 6, 7, 4, 6, 3, 5, 4, 5, 6, 3, 5, 7, 7, 5, 5, 7, 6, 7, 7, 5, 7, 7, 5, 6, 4, 7, 3, 3, 7, 4, 4, 2, 7, 7, 5, 8, 5, 7, 7, 5, 7, 7, 7, 3, 8, 4, 6, 6, 8, 6, 3, 4, 7, 6, 5, 1, 0]
time: 6000.0  number of events in the queue [6, 8, 5, 6, 5, 7, 8, 7, 7, 6, 7, 4, 6, 8, 6, 4, 5, 3, 6, 5, 7, 6, 6, 7, 9, 4, 6, 5, 4, 6, 5, 4, 5, 5, 5, 2, 5, 8, 2, 7, 4, 7, 4, 6, 5, 4, 4, 7, 7, 3, 1, 3, 3, 7, 2, 3, 5, 6, 5, 2, 6, 1, 2, 5, 5, 5, 5, 7, 6, 5, 5, 2, 7, 6, 7, 8, 5, 6, 5, 3, 7, 5, 5, 6, 4, 7, 6, 3, 6, 6, 5, 2, 5, 4, 5, 4, 7, 6, 7, 4]
time: 6100.0  number of events in the queue [6, 6, 5, 6, 4, 6, 6, 8, 6, 6, 8, 5, 6, 5, 8, 6, 8, 6, 4, 6, 6, 6, 7, 5, 8, 6, 4, 6, 6, 6, 8, 6, 3, 6, 4, 5, 5, 6, 6, 6, 6, 6, 6, 6, 4, 8, 6, 6, 8, 8, 5, 5, 7, 5, 6, 5, 5, 6, 6, 7, 7, 7, 4, 6, 2, 7, 5, 7, 7, 7, 5, 4, 3, 6, 7, 8, 8, 8, 6, 6, 5, 7, 7, 6, 5, 5, 7, 6, 3, 6, 3, 7, 5, 3, 2, 7, 0, 8, 7, 6]
time: 6200.0  number of events in the queue [0, 8, 7, 7, 6, 4, 6, 9, 5, 4, 8, 7, 7, 7, 8, 8, 6, 8, 0, 7, 6, 8, 6, 7, 4, 8, 4, 5, 6, 6, 9, 5, 7, 9, 6, 6, 7, 8, 7, 6, 5, 8, 5, 7, 6, 8, 6, 6, 5, 5, 7, 2, 3, 5, 5, 7, 8, 7, 5, 6, 5, 3, 7, 6, 6, 6, 7, 7, 7, 7, 8, 6, 8, 1, 4, 6, 9, 7, 7, 9, 6, 7, 6, 5, 5, 5, 7, 1, 4, 5, 2, 5, 6, 9, 4, 4, 8, 8, 7, 7]
time: 6300.0  number of events in the queue [6, 3, 5, 4, 4, 4, 4, 7, 5, 6, 6, 5, 4, 2, 3, 4, 8, 5, 0, 5, 6, 6, 6, 5, 1, 5, 6, 6, 6, 4, 6, 4, 6, 5, 6, 2, 5, 4, 3, 8, 6, 6, 7, 4, 7, 4, 7, 3, 3, 3, 6, 2, 5, 6, 2, 4, 6, 5, 7, 7, 6, 6, 6, 4, 5, 5, 3, 5, 6, 5, 5, 3, 3, 5, 6, 6, 6, 2, 6, 4, 6, 6, 5, 7, 3, 4, 7, 5, 6, 2, 3, 5, 6, 0, 3, 7, 1, 6, 6, 5]
time: 6400.0  number of events in the queue [4, 5, 5, 7, 5, 5, 7, 4, 3, 5, 3, 4, 4, 3, 6, 7, 3, 6, 7, 6, 6, 5, 4, 6, 6, 7, 6, 6, 6, 5, 5, 4, 6, 4, 5, 5, 5, 4, 6, 2, 4, 7, 3, 6, 6, 2, 6, 6, 6, 4, 3, 5, 5, 5, 3, 7, 5, 3, 7, 5, 4, 5, 6, 6, 5, 6, 6, 6, 2, 4, 5, 4, 5, 5, 1, 5, 5, 5, 6, 7, 5, 5, 6, 6, 4, 7, 3, 2, 7, 7, 7, 5, 4, 6, 7, 7, 7, 3, 7, 7]
time: 6500.0  number of events in the queue [2, 5, 7, 4, 6, 5, 9, 4, 8, 7, 4, 7, 6, 7, 5, 2, 7, 5, 7, 3, 7, 4, 7, 4, 3, 3, 6, 5, 7, 7, 6, 6, 8, 5, 7, 5, 6, 5, 3, 4, 5, 6, 7, 8, 6, 7, 7, 2, 3, 7, 8, 6, 0, 8, 2, 5, 2, 6, 4, 5, 6, 6, 5, 6, 0, 5, 5, 6, 4, 7, 8, 5, 9, 6, 3, 7, 6, 8, 7, 3, 1, 6, 6, 4, 4, 5, 6, 6, 6, 3, 4, 2, 5, 6, 8, 8, 1, 6, 5, 7]
time: 6600.0  number of events in the queue [4, 4, 4, 6, 5, 2, 7, 3, 5, 3, 2, 6, 5, 2, 4, 4, 6, 6, 4, 4, 4, 5, 5, 3, 5, 5, 4, 5, 5, 5, 4, 7, 5, 5, 5, 7, 3, 5, 6, 5, 5, 6, 6, 4, 4, 5, 6, 6, 2, 6, 5, 6, 5, 1, 3, 5, 6, 4, 6, 5, 3, 5, 5, 1, 4, 6, 1, 5, 4, 5, 0, 4, 4, 7, 3, 5, 6, 2, 6, 5, 1, 5, 6, 5, 7, 2, 4, 5, 6, 3, 2, 6, 6, 4, 3, 4, 3, 4, 4, 7]
time: 6700.0  number of events in the queue [6, 3, 7, 5, 4, 6, 2, 7, 4, 6, 3, 6, 6, 5, 5, 4, 5, 2, 3, 2, 6, 2, 7, 3, 2, 5, 6, 4, 7, 6, 7, 3, 6, 3, 5, 7, 5, 2, 5, 2, 6, 2, 2, 7, 4, 6, 4, 7, 4, 4, 7, 5, 5, 5, 8, 2, 6, 6, 7, 2, 6, 5, 4, 8, 8, 6, 6, 4, 4, 4, 3, 6, 7, 6, 5, 2, 6, 7, 2, 8, 5, 2, 6, 5, 5, 3, 4, 7, 4, 5, 7, 5, 4, 0, 4, 6, 5, 5, 5, 7]
time: 6800.0  number of events in the queue [4, 5, 7, 5, 7, 2, 4, 8, 7, 6, 0, 7, 6, 3, 4, 5, 7, 6, 5, 7, 0, 7, 5, 0, 6, 7, 0, 8, 7, 7, 6, 6, 6, 6, 5, 5, 1, 5, 7, 8, 5, 7, 4, 3, 6, 8, 1, 5, 1, 5, 6, 5, 4, 7, 5, 6, 7, 7, 7, 6, 9, 7, 6, 7, 6, 6, 6, 6, 3, 6, 5, 3, 1, 4, 4, 0, 5, 6, 7, 5, 6, 3, 6, 6, 4, 4, 5, 6, 6, 1, 7, 5, 2, 5, 0, 5, 7, 6, 4, 6]
time: 6900.0  number of events in the queue [6, 5, 6, 5, 4, 5, 6, 1, 7, 5, 6, 5, 6, 5, 4, 6, 0, 6, 7, 5, 5, 5, 7, 7, 4, 7, 3, 5, 7, 6, 5, 5, 5, 3, 6, 6, 6, 5, 6, 7, 3, 6, 3, 7, 7, 2, 6, 6, 5, 6, 5, 4, 7, 4, 4, 7, 5, 5, 7, 3, 5, 3, 2, 5, 6, 5, 7, 4, 5, 5, 7, 6, 5, 3, 6, 5, 0, 3, 3, 6, 7, 7, 6, 5, 5, 5, 5, 4, 4, 7, 4, 7, 4, 7, 3, 4, 7, 6, 6, 5]
time: 7000.0  number of events in the queue [4, 4, 5, 6, 2, 4, 4, 5, 3, 6, 5, 5, 5, 4, 5, 5, 5, 7, 7, 5, 4, 6, 6, 2, 2, 7, 4, 3, 0, 5, 4, 4, 6, 4, 3, 5, 5, 6, 2, 5, 6, 6, 3, 2, 4, 1, 6, 5, 6, 4, 1, 5, 6, 4, 6, 7, 4, 7, 3, 3, 1, 4, 3, 5, 1, 5, 3, 5, 4, 5, 4, 3, 6, 6, 3, 5, 5, 3, 3, 4, 4, 4, 6, 4, 2, 4, 3, 7, 5, 4, 4, 4, 3, 4, 1, 2, 4, 5, 6, 6]
time: 7100.0  number of events in the queue [4, 3, 5, 0, 1, 4, 2, 3, 2, 3, 5, 3, 5, 4, 5, 4, 1, 4, 4, 4, 5, 4, 3, 3, 1, 2, 5, 4, 2, 6, 2, 5, 3, 4, 4, 1, 5, 5, 1, 5, 4, 4, 3, 5, 5, 4, 4, 1, 2, 4, 3, 0, 4, 3, 4, 1, 2, 3, 4, 5, 4, 4, 5, 4, 1, 4, 3, 4, 2, 4, 3, 2, 3, 3, 3, 4, 2, 4, 5, 4, 4, 5, 4, 5, 1, 5, 2, 0, 3, 4, 2, 2, 4, 0, 3, 1, 3, 4, 5, 2]
time: 7200.0  number of events in the queue [5, 6, 1, 4, 1, 4, 7, 4, 4, 5, 4, 2, 5, 5, 3, 2, 5, 4, 4, 5, 4, 2, 6, 5, 5, 4, 3, 4, 6, 3, 4, 3, 5, 6, 6, 4, 4, 5, 5, 5, 5, 3, 3, 4, 3, 7, 3, 5, 6, 4, 6, 5, 4, 4, 1, 4, 5, 7, 5, 5, 6, 5, 4, 6, 3, 7, 6, 4, 1, 2, 5, 5, 4, 3, 8, 2, 6, 6, 3, 3, 2, 6, 5, 2, 7, 4, 5, 4, 6, 3, 0, 7, 3, 4, 4, 6, 5, 7, 4, 2]
time: 7300.0  number of events in the queue [6, 9, 7, 10, 6, 8, 8, 7, 9, 10, 7, 6, 3, 7, 8, 4, 8, 7, 7, 9, 6, 10, 5, 7, 9, 8, 9, 3, 9, 10, 8, 9, 7, 9, 8, 10, 8, 7, 9, 7, 10, 10, 4, 6, 9, 7, 7, 7, 8, 7, 10, 7, 10, 7, 3, 2, 6, 7, 9, 10, 10, 7, 8, 9, 8, 9, 9, 9, 8, 10, 6, 8, 10, 8, 9, 7, 7, 6, 7, 8, 6, 8, 5, 8, 10, 8, 8, 4, 9, 8, 9, 10, 9, 9, 10, 8, 9, 11, 10, 9]
time: 7400.0  number of events in the queue [6, 8, 4, 5, 7, 1, 5, 6, 7, 6, 4, 7, 4, 4, 6, 6, 4, 3, 5, 4, 8, 7, 0, 2, 7, 3, 6, 6, 5, 5, 6, 8, 7, 3, 7, 8, 2, 6, 7, 6, 1, 6, 5, 6, 7, 7, 0, 4, 5, 6, 6, 2, 7, 3, 5, 7, 3, 3, 8, 2, 4, 6, 5, 3, 5, 5, 6, 8, 9, 5, 1, 5, 7, 2, 8, 6, 4, 6, 7, 6, 8, 5, 7, 2, 6, 7, 4, 7, 6, 6, 6, 2, 3, 8, 5, 8, 7, 3, 4, 7]
time: 7500.0  number of events in the queue [3, 2, 4, 5, 5, 4, 4, 5, 3, 4, 3, 1, 1, 6, 2, 3, 1, 3, 3, 3, 6, 4, 6, 2, 5, 3, 6, 6, 5, 4, 4, 6, 5, 7, 3, 5, 5, 5, 3, 4, 2, 2, 5, 3, 4, 4, 7, 3, 3, 5, 1, 4, 4, 5, 3, 6, 6, 5, 2, 4, 4, 6, 2, 3, 1, 6, 2, 6, 5, 4, 1, 4, 0, 4, 2, 2, 5, 7, 4, 5, 4, 5, 4, 3, 4, 5, 3, 4, 4, 5, 1, 3, 4, 5, 6, 4, 6, 6, 1, 5]
time: 7600.0  number of events in the queue [4, 8, 7, 6, 7, 3, 7, 4, 5, 6, 7, 7, 5, 7, 6, 6, 3, 9, 8, 8, 6, 6, 5, 6, 7, 6, 8, 6, 7, 7, 7, 7, 7, 5, 6, 1, 2, 8, 2, 7, 7, 7, 8, 6, 7, 5, 6, 7, 6, 6, 6, 5, 5, 8, 5, 7, 5, 7, 6, 10, 5, 4, 5, 6, 6, 5, 7, 0, 6, 5, 2, 5, 4, 7, 6, 7, 6, 3, 1, 4, 7, 8, 7, 5, 8, 8, 3, 3, 8, 6, 4, 4, 7, 7, 5, 8, 5, 4, 6, 7]
time: 7700.0  number of events in the queue [4, 5, 7, 4, 7, 6, 7, 1, 6, 5, 7, 6, 5, 6, 5, 7, 5, 4, 6, 5, 2, 7, 6, 6, 6, 7, 6, 6, 4, 1, 2, 5, 4, 6, 4, 6, 3, 4, 6, 6, 6, 7, 7, 6, 3, 6, 3, 2, 2, 3, 7, 0, 6, 7, 4, 6, 6, 3, 7, 3, 5, 7, 5, 7, 3, 3, 6, 6, 7, 3, 6, 2, 6, 0, 4, 4, 3, 6, 7, 4, 3, 4, 4, 8, 7, 3, 6, 5, 4, 7, 5, 7, 3, 6, 5, 3, 5, 7, 2, 8]
time: 7800.0  number of events in the queue [7, 4, 5, 2, 4, 5, 8, 2, 6, 6, 7, 4, 8, 4, 6, 8, 5, 5, 7, 6, 8, 7, 5, 8, 6, 7, 5, 8, 7, 1, 6, 7, 0, 2, 4, 8, 6, 8, 3, 6, 2, 5, 7, 3, 8, 6, 4, 7, 1, 7, 5, 7, 4, 3, 4, 6, 6, 6, 5, 6, 5, 7, 5, 1, 5, 6, 7, 7, 7, 7, 5, 5, 6, 9, 7, 9, 6, 3, 5, 4, 2, 7, 2, 5, 7, 5, 5, 5, 3, 7, 5, 4, 6, 6, 5, 3, 5, 7, 7, 2]
time: 7900.0  number of events in the queue [5, 8, 2, 5, 7, 7, 5, 4, 5, 6, 3, 4, 5, 6, 8, 6, 7, 1, 6, 7, 6, 5, 3, 5, 7, 6, 8, 8, 6, 6, 7, 5, 4, 6, 6, 8, 4, 7, 8, 7, 6, 4, 7, 6, 7, 8, 4, 6, 8, 7, 4, 7, 7, 4, 9, 8, 3, 6, 8, 8, 4, 8, 3, 3, 9, 5, 3, 7, 6, 7, 5, 3, 6, 6, 7, 5, 7, 6, 9, 7, 6, 6, 7, 7, 9, 6, 8, 7, 8, 4, 8, 7, 2, 7, 5, 5, 6, 7, 7, 6]
time: 8000.0  number of events in the queue [7, 6, 4, 4, 5, 8, 5, 5, 7, 6, 7, 3, 5, 5, 6, 2, 7, 4, 7, 2, 7, 7, 4, 1, 6, 7, 4, 5, 6, 7, 5, 5, 5, 5, 4, 8, 6, 5, 4, 5, 6, 8, 7, 4, 3, 5, 7, 2, 5, 7, 6, 8, 7, 7, 4, 5, 7, 7, 5, 6, 5, 6, 5, 6, 7, 3, 5, 4, 2, 5, 6, 5, 3, 8, 6, 6, 6, 6, 3, 4, 8, 3, 7, 5, 7, 5, 3, 5, 5, 4, 7, 6, 5, 7, 3, 6, 7, 6, 7, 6]
time: 8100.0  number of events in the queue [8, 5, 6, 9, 3, 9, 8, 7, 9, 1, 7, 6, 5, 8, 8, 7, 10, 7, 3, 6, 8, 7, 6, 8, 6, 3, 7, 9, 8, 8, 5, 6, 3, 5, 9, 7, 2, 6, 7, 8, 6, 3, 7, 6, 8, 5, 3, 7, 7, 6, 8, 5, 3, 6, 7, 7, 0, 3, 6, 9, 4, 7, 6, 8, 7, 6, 4, 4, 6, 5, 7, 6, 1, 3, 7, 6, 6, 5, 2, 6, 5, 7, 5, 6, 8, 10, 7, 6, 5, 7, 7, 6, 5, 8, 1, 6, 7, 7, 6, 5]
time: 8200.0  number of events in the queue [8, 8, 7, 6, 6, 6, 7, 4, 8, 8, 6, 5, 2, 7, 7, 5, 5, 2, 6, 7, 4, 8, 6, 8, 3, 4, 8, 5, 6, 8, 5, 8, 7, 8, 6, 4, 7, 6, 7, 8, 6, 4, 9, 4, 5, 7, 7, 5, 5, 6, 5, 7, 9, 6, 6, 8, 0, 8, 7, 8, 6, 7, 5, 5, 5, 5, 6, 6, 8, 8, 8, 4, 7, 8, 7, 9, 6, 4, 8, 8, 4, 7, 8, 8, 1, 9, 7, 7, 7, 7, 8, 6, 4, 8, 6, 5, 8, 6, 9, 6]
time: 8300.0  number of events in the queue [6, 3, 6, 6, 3, 6, 6, 10, 6, 3, 4, 7, 6, 8, 7, 7, 7, 7, 6, 8, 5, 1, 8, 9, 8, 8, 8, 5, 7, 4, 7, 3, 7, 7, 6, 4, 7, 6, 7, 9, 8, 7, 7, 7, 5, 6, 7, 5, 9, 5, 6, 6, 7, 8, 8, 5, 6, 8, 5, 7, 4, 5, 5, 5, 8, 9, 4, 8, 7, 8, 6, 7, 4, 5, 7, 7, 6, 8, 8, 6, 7, 8, 4, 5, 6, 7, 4, 8, 7, 6, 4, 7, 6, 7, 7, 5, 6, 5, 6, 7]
time: 8400.0  number of events in the queue [4, 8, 3, 6, 9, 9, 9, 10, 4, 6, 7, 7, 8, 9, 7, 5, 9, 8, 5, 10, 5, 10, 6, 4, 8, 7, 8, 8, 5, 7, 9, 7, 9, 8, 9, 6, 9, 9, 9, 8, 10, 9, 5, 10, 8, 8, 7, 8, 10, 8, 10, 6, 9, 8, 7, 5, 9, 9, 5, 5, 8, 7, 9, 7, 5, 7, 7, 9, 8, 7, 7, 8, 8, 10, 6, 8, 8, 8, 7, 1, 9, 9, 8, 9, 9, 6, 7, 5, 7, 8, 8, 0, 7, 8, 1, 9, 11, 7, 8, 10]
time: 8500.0  number of events in the queue [6, 9, 6, 7, 7, 9, 8, 8, 1, 5, 8, 7, 7, 9, 9, 10, 10, 7, 5, 6, 7, 6, 6, 10, 9, 10, 9, 8, 9, 8, 7, 8, 6, 9, 5, 9, 7, 4, 4, 8, 6, 7, 8, 10, 10, 9, 7, 4, 9, 9, 8, 8, 4, 7, 8, 8, 7, 9, 8, 7, 10, 8, 8, 6, 8, 9, 9, 7, 9, 7, 7, 10, 3, 7, 10, 6, 9, 8, 9, 8, 9, 9, 8, 10, 9, 1, 9, 10, 8, 9, 11, 9, 9, 8, 8, 9, 7, 7, 7, 9]
time: 8600.0  number of events in the queue [7, 3, 5, 5, 6, 7, 5, 7, 2, 8, 5, 7, 4, 5, 6, 2, 6, 4, 5, 3, 3, 2, 5, 1, 6, 3, 4, 6, 7, 6, 0, 1, 6, 6, 5, 3, 3, 7, 6, 5, 7, 3, 0, 6, 1, 7, 1, 5, 5, 4, 5, 5, 6, 2, 4, 7, 6, 6, 6, 7, 4, 3, 6, 5, 7, 6, 4, 4, 6, 3, 5, 2, 6, 5, 2, 5, 2, 5, 5, 4, 4, 1, 5, 7, 5, 3, 5, 6, 3, 5, 3, 3, 6, 6, 3, 4, 4, 5, 2, 4]
time: 8700.0  number of events in the queue [5, 2, 8, 4, 4, 8, 6, 8, 5, 8, 3, 7, 2, 6, 7, 7, 5, 6, 9, 3, 8, 5, 9, 5, 7, 9, 7, 7, 6, 9, 7, 8, 8, 7, 7, 9, 8, 5, 0, 7, 7, 5, 7, 9, 8, 10, 8, 9, 9, 8, 8, 5, 8, 7, 8, 7, 0, 8, 6, 8, 9, 6, 9, 8, 7, 6, 8, 7, 7, 8, 8, 8, 3, 7, 4, 3, 8, 5, 8, 6, 6, 7, 7, 4, 8, 5, 8, 8, 9, 9, 3, 9, 9, 9, 6, 9, 9, 5, 7, 5]
time: 8800.0  number of events in the queue [8, 5, 8, 4, 8, 6, 6, 7, 5, 6, 8, 6, 7, 8, 8, 4, 8, 9, 7, 6, 4, 7, 9, 7, 5, 7, 8, 2, 8, 8, 9, 7, 5, 6, 8, 7, 8, 6, 9, 7, 6, 6, 7, 7, 6, 8, 3, 8, 8, 8, 9, 5, 4, 6, 7, 5, 9, 7, 6, 8, 7, 6, 8, 6, 8, 8, 8, 7, 0, 9, 3, 6, 5, 7, 6, 8, 8, 5, 8, 7, 8, 8, 7, 7, 7, 5, 6, 9, 9, 6, 8, 8, 7, 8, 5, 6, 2, 8, 9, 8]
time: 8900.0  number of events in the queue [6, 5, 8, 7, 7, 9, 8, 7, 6, 7, 4, 6, 1, 7, 5, 7, 6, 5, 5, 8, 6, 7, 9, 6, 6, 5, 7, 8, 7, 7, 5, 7, 6, 8, 7, 7, 6, 6, 5, 7, 5, 7, 8, 7, 7, 6, 5, 5, 6, 2, 6, 2, 4, 7, 8, 5, 4, 7, 7, 7, 8, 5, 6, 7, 5, 3, 4, 5, 8, 8, 5, 7, 7, 6, 8, 1, 4, 5, 6, 8, 8, 7, 6, 6, 8, 6, 4, 8, 4, 8, 7, 9, 4, 7, 5, 8, 6, 7, 7, 7]
time: 9001.0  number of events in the queue [5, 4, 6, 6, 6, 7, 7, 6, 7, 5, 7, 7, 6, 8, 10, 7, 6, 7, 4, 8, 7, 1, 7, 7, 5, 4, 8, 7, 1, 6, 8, 8, 8, 4, 4, 8, 7, 5, 3, 6, 7, 7, 3, 5, 5, 6, 9, 6, 3, 4, 4, 2, 6, 6, 7, 6, 9, 8, 9, 7, 6, 7, 8, 7, 7, 5, 5, 6, 6, 5, 8, 4, 7, 5, 8, 3, 0, 5, 5, 6, 6, 8, 7, 7, 8, 7, 7, 6, 6, 7, 8, 6, 6, 6, 7, 8, 7, 8, 4, 6]
time: 9101.0  number of events in the queue [4, 3, 4, 2, 1, 7, 5, 4, 5, 4, 5, 4, 4, 6, 6, 5, 3, 5, 5, 3, 6, 4, 5, 4, 5, 5, 1, 6, 7, 5, 5, 3, 6, 6, 3, 6, 6, 5, 5, 3, 5, 4, 4, 2, 1, 3, 3, 7, 7, 3, 3, 4, 1, 3, 4, 6, 6, 3, 5, 4, 3, 6, 6, 6, 6, 4, 2, 4, 3, 5, 4, 3, 4, 0, 4, 3, 5, 4, 5, 1, 1, 5, 4, 5, 5, 1, 4, 3, 3, 6, 5, 3, 3, 2, 5, 5, 4, 5, 5, 5]
time: 9201.0  number of events in the queue [4, 6, 3, 6, 8, 3, 4, 7, 4, 3, 5, 6, 6, 5, 5, 0, 2, 4, 4, 6, 0, 2, 5, 7, 6, 3, 5, 5, 6, 5, 1, 2, 6, 5, 3, 5, 8, 5, 5, 7, 5, 6, 6, 6, 6, 2, 6, 2, 5, 5, 5, 5, 4, 6, 6, 1, 6, 7, 2, 6, 4, 6, 4, 6, 6, 6, 8, 5, 4, 7, 5, 5, 7, 6, 5, 6, 6, 5, 3, 1, 6, 6, 4, 7, 5, 5, 7, 2, 6, 4, 6, 6, 5, 1, 5, 6, 5, 7, 3, 7]
time: 9301.0  number of events in the queue [0, 2, 2, 3, 5, 4, 3, 1, 6, 4, 6, 4, 3, 4, 5, 2, 3, 2, 2, 4, 0, 2, 4, 4, 4, 2, 4, 3, 6, 6, 5, 4, 4, 5, 5, 1, 4, 4, 4, 6, 5, 3, 1, 4, 3, 4, 5, 5, 5, 5, 5, 0, 1, 5, 3, 5, 3, 1, 3, 4, 4, 2, 1, 5, 4, 4, 3, 4, 5, 3, 3, 3, 2, 5, 0, 5, 4, 5, 5, 3, 4, 5, 6, 3, 7, 5, 6, 4, 6, 6, 2, 2, 1, 0, 4, 3, 7, 3, 2, 3]
time: 9401.0  number of events in the queue [2, 5, 3, 5, 4, 5, 5, 6, 0, 6, 5, 5, 2, 3, 4, 4, 3, 2, 3, 1, 5, 4, 4, 6, 3, 6, 0, 2, 3, 2, 6, 4, 2, 5, 3, 2, 2, 4, 3, 2, 6, 3, 7, 5, 4, 5, 3, 3, 0, 5, 6, 2, 2, 6, 6, 6, 1, 6, 5, 1, 5, 3, 4, 3, 3, 5, 1, 6, 2, 4, 6, 6, 4, 4, 5, 3, 4, 5, 4, 2, 6, 5, 3, 2, 6, 5, 6, 2, 6, 1, 2, 5, 5, 2, 4, 6, 4, 6, 5, 6]
time: 9501.0  number of events in the queue [5, 5, 6, 4, 5, 2, 5, 7, 4, 7, 6, 3, 7, 5, 6, 6, 2, 7, 2, 3, 6, 0, 7, 3, 6, 5, 8, 7, 5, 7, 6, 4, 5, 5, 5, 3, 7, 7, 7, 6, 7, 5, 7, 7, 7, 4, 4, 8, 4, 3, 4, 8, 2, 7, 5, 7, 5, 4, 5, 4, 4, 7, 8, 5, 4, 5, 6, 5, 7, 7, 5, 5, 5, 7, 5, 6, 7, 5, 6, 5, 8, 6, 5, 4, 7, 8, 7, 8, 7, 7, 4, 6, 6, 4, 5, 7, 5, 3, 3, 6]
time: 9601.0  number of events in the queue [7, 5, 9, 5, 6, 6, 6, 7, 9, 8, 8, 6, 6, 8, 8, 8, 9, 6, 4, 5, 7, 7, 6, 7, 7, 8, 8, 8, 8, 7, 8, 8, 9, 7, 7, 4, 7, 9, 6, 8, 8, 5, 8, 6, 7, 7, 8, 2, 6, 7, 6, 8, 4, 6, 6, 7, 8, 8, 4, 9, 7, 7, 6, 4, 6, 6, 4, 8, 8, 6, 7, 7, 7, 5, 6, 7, 10, 8, 8, 4, 5, 7, 9, 8, 8, 7, 7, 8, 9, 5, 9, 2, 6, 7, 6, 7, 8, 6, 7, 8]
time: 9701.0  number of events in the queue [6, 8, 7, 6, 6, 8, 7, 8, 9, 9, 7, 9, 8, 6, 6, 8, 4, 9, 6, 8, 7, 6, 8, 8, 7, 9, 7, 8, 8, 5, 5, 7, 8, 10, 8, 7, 9, 6, 8, 5, 6, 7, 6, 6, 6, 7, 8, 8, 7, 7, 7, 7, 3, 8, 6, 8, 9, 5, 5, 8, 6, 8, 7, 6, 8, 6, 6, 8, 7, 2, 4, 6, 2, 7, 6, 7, 6, 7, 7, 5, 6, 5, 5, 7, 9, 5, 7, 7, 7, 6, 10, 7, 6, 4, 7, 7, 6, 7, 2, 3]
time: 9801.0  number of events in the queue [4, 5, 3, 6, 6, 8, 6, 6, 7, 7, 7, 1, 4, 7, 7, 7, 6, 5, 5, 8, 5, 4, 7, 2, 3, 5, 6, 6, 5, 7, 7, 4, 6, 6, 3, 6, 3, 6, 5, 5, 7, 7, 3, 6, 3, 8, 7, 3, 7, 6, 5, 6, 6, 3, 8, 5, 7, 7, 7, 7, 4, 9, 5, 3, 3, 7, 7, 5, 2, 4, 8, 5, 5, 4, 4, 7, 6, 5, 7, 7, 7, 5, 7, 6, 2, 6, 7, 4, 5, 4, 4, 6, 6, 7, 5, 5, 6, 6, 5, 3]
time: 9901.0  number of events in the queue [6, 5, 7, 5, 7, 4, 4, 9, 8, 5, 8, 6, 6, 7, 6, 6, 4, 6, 6, 4, 8, 5, 6, 4, 6, 7, 6, 5, 8, 4, 8, 5, 6, 8, 7, 9, 6, 8, 6, 7, 7, 3, 9, 2, 9, 5, 7, 4, 4, 7, 9, 1, 8, 7, 5, 7, 7, 6, 4, 7, 9, 7, 5, 6, 7, 7, 4, 6, 2, 6, 6, 7, 8, 7, 8, 3, 7, 8, 6, 5, 4, 8, 4, 7, 7, 8, 8, 9, 8, 6, 7, 6, 7, 4, 6, 5, 7, 8, 7, 5]



